9.232053422370617435e-01
8.992765720645520267e-01
8.909293266555370350e-01
8.803561491374513048e-01
8.903728436282692948e-01
8.875904284919310383e-01
8.809126321647189339e-01
8.820255982192543032e-01
8.786867000556483065e-01
8.820255982192543032e-01
8.864774624373956691e-01
8.692264885920979456e-01
8.736783528102393115e-01
8.964941569282136591e-01
8.931552587646076624e-01
8.931552587646076624e-01
8.903728436282692948e-01
8.937117417918754025e-01
8.920422927100722932e-01
9.026154702281580233e-01
8.937117417918754025e-01
8.959376739009460300e-01
8.970506399554813992e-01
8.998330550918196558e-01
8.959376739009460300e-01
8.948247078464106607e-01
8.992765720645520267e-01
9.059543683917640200e-01
8.964941569282136591e-01
8.953811908736784009e-01
8.931552587646076624e-01
9.009460211463550250e-01
9.026154702281580233e-01
8.981636060100166574e-01
9.098497495826377568e-01
9.053978853644963909e-01
8.970506399554813992e-01
9.015025041736226541e-01
9.053978853644963909e-01
9.076238174735670183e-01
9.042849193099610217e-01
9.070673344462993892e-01
9.059543683917640200e-01
9.015025041736226541e-01
9.131886477462437535e-01
9.131886477462437535e-01
9.059543683917640200e-01
9.042849193099610217e-01
9.042849193099610217e-01
8.998330550918196558e-01
8.970506399554813992e-01
9.065108514190317601e-01
9.015025041736226541e-01
9.059543683917640200e-01
9.003895381190873959e-01
9.015025041736226541e-01
9.087367835281023876e-01
8.998330550918196558e-01
9.076238174735670183e-01
9.020589872008903942e-01
9.076238174735670183e-01
9.081803005008347585e-01
9.081803005008347585e-01
9.059543683917640200e-01
9.104062326099053859e-01
8.998330550918196558e-01
9.087367835281023876e-01
9.065108514190317601e-01
9.098497495826377568e-01
9.115191986644407551e-01
9.109627156371730150e-01
9.031719532554257635e-01
9.015025041736226541e-01
9.009460211463550250e-01
9.092932665553700167e-01
9.026154702281580233e-01
9.065108514190317601e-01
9.081803005008347585e-01
9.031719532554257635e-01
9.092932665553700167e-01
9.031719532554257635e-01
9.098497495826377568e-01
9.143016138007791227e-01
9.081803005008347585e-01
9.143016138007791227e-01
9.126321647189761244e-01
9.098497495826377568e-01
9.059543683917640200e-01
9.037284362826933926e-01
9.076238174735670183e-01
9.053978853644963909e-01
9.059543683917640200e-01
9.053978853644963909e-01
9.104062326099053859e-01
9.087367835281023876e-01
9.042849193099610217e-01
9.076238174735670183e-01
8.970506399554813992e-01
9.104062326099053859e-01
9.048414023372287618e-01
9.059543683917640200e-01
8.970506399554813992e-01
9.059543683917640200e-01
9.109627156371730150e-01
9.037284362826933926e-01
9.042849193099610217e-01
9.070673344462993892e-01
9.065108514190317601e-01
8.981636060100166574e-01
8.998330550918196558e-01
8.942682248191430316e-01
9.015025041736226541e-01
9.003895381190873959e-01
8.964941569282136591e-01
9.003895381190873959e-01
9.026154702281580233e-01
9.053978853644963909e-01
9.009460211463550250e-01
8.992765720645520267e-01
9.053978853644963909e-01
9.092932665553700167e-01
9.042849193099610217e-01
9.031719532554257635e-01
8.992765720645520267e-01
9.003895381190873959e-01
8.976071229827490283e-01
9.003895381190873959e-01
8.925987757373400333e-01
8.970506399554813992e-01
8.909293266555370350e-01
8.970506399554813992e-01
8.942682248191430316e-01
8.970506399554813992e-01
8.948247078464106607e-01
8.925987757373400333e-01
8.931552587646076624e-01
8.925987757373400333e-01
8.976071229827490283e-01
8.959376739009460300e-01
8.992765720645520267e-01
8.920422927100722932e-01
8.998330550918196558e-01
8.987200890372843975e-01
8.948247078464106607e-01
8.881469115191986674e-01
8.903728436282692948e-01
8.920422927100722932e-01
8.909293266555370350e-01
8.909293266555370350e-01
8.942682248191430316e-01
8.987200890372843975e-01
8.909293266555370350e-01
8.892598775737340366e-01
8.970506399554813992e-01
8.937117417918754025e-01
8.953811908736784009e-01
8.875904284919310383e-01
9.003895381190873959e-01
8.864774624373956691e-01
8.925987757373400333e-01
8.887033945464662965e-01
8.964941569282136591e-01
8.931552587646076624e-01
9.009460211463550250e-01
8.920422927100722932e-01
8.931552587646076624e-01
8.892598775737340366e-01
8.925987757373400333e-01
8.953811908736784009e-01
8.953811908736784009e-01
8.948247078464106607e-01
8.898163606010016657e-01
8.881469115191986674e-01
9.020589872008903942e-01
8.953811908736784009e-01
8.998330550918196558e-01
8.909293266555370350e-01
9.026154702281580233e-01
8.992765720645520267e-01
9.037284362826933926e-01
8.987200890372843975e-01
9.003895381190873959e-01
8.992765720645520267e-01
9.081803005008347585e-01
9.098497495826377568e-01
9.059543683917640200e-01
9.076238174735670183e-01
9.031719532554257635e-01
8.987200890372843975e-01
8.998330550918196558e-01
9.053978853644963909e-01
9.042849193099610217e-01
9.070673344462993892e-01
9.048414023372287618e-01
9.115191986644407551e-01
9.076238174735670183e-01
8.987200890372843975e-01
9.053978853644963909e-01
9.037284362826933926e-01
8.987200890372843975e-01
8.981636060100166574e-01
8.987200890372843975e-01
9.065108514190317601e-01
9.003895381190873959e-01
9.131886477462437535e-01
8.981636060100166574e-01
9.059543683917640200e-01
8.987200890372843975e-01
8.987200890372843975e-01
8.981636060100166574e-01
9.081803005008347585e-01
8.992765720645520267e-01
9.015025041736226541e-01
8.987200890372843975e-01
9.059543683917640200e-01
9.070673344462993892e-01
8.948247078464106607e-01
8.998330550918196558e-01
9.009460211463550250e-01
9.020589872008903942e-01
9.009460211463550250e-01
9.120756816917083842e-01
9.003895381190873959e-01
9.126321647189761244e-01
8.925987757373400333e-01
9.042849193099610217e-01
9.098497495826377568e-01
9.081803005008347585e-01
9.031719532554257635e-01
9.087367835281023876e-01
9.137451307735113826e-01
9.048414023372287618e-01
9.053978853644963909e-01
9.042849193099610217e-01
9.031719532554257635e-01
9.048414023372287618e-01
9.059543683917640200e-01
9.115191986644407551e-01
9.104062326099053859e-01
9.081803005008347585e-01
9.048414023372287618e-01
9.015025041736226541e-01
9.087367835281023876e-01
9.037284362826933926e-01
9.020589872008903942e-01
9.059543683917640200e-01
9.042849193099610217e-01
9.037284362826933926e-01
9.026154702281580233e-01
9.037284362826933926e-01
9.065108514190317601e-01
9.126321647189761244e-01
9.037284362826933926e-01
9.087367835281023876e-01
9.059543683917640200e-01
9.065108514190317601e-01
9.026154702281580233e-01
9.009460211463550250e-01
9.059543683917640200e-01
9.076238174735670183e-01
9.131886477462437535e-01
9.081803005008347585e-01
9.065108514190317601e-01
9.087367835281023876e-01
9.020589872008903942e-01
9.026154702281580233e-01
9.065108514190317601e-01
9.092932665553700167e-01
9.031719532554257635e-01
9.042849193099610217e-01
9.037284362826933926e-01
9.031719532554257635e-01
9.081803005008347585e-01
9.048414023372287618e-01
9.059543683917640200e-01
9.081803005008347585e-01
9.059543683917640200e-01
9.042849193099610217e-01
9.081803005008347585e-01
9.065108514190317601e-01
8.987200890372843975e-01
9.059543683917640200e-01
8.992765720645520267e-01
9.070673344462993892e-01
9.042849193099610217e-01
9.015025041736226541e-01
9.076238174735670183e-01
9.020589872008903942e-01
9.015025041736226541e-01
9.026154702281580233e-01
9.020589872008903942e-01
9.076238174735670183e-01
9.020589872008903942e-01
9.081803005008347585e-01
8.998330550918196558e-01
9.115191986644407551e-01
9.092932665553700167e-01
9.015025041736226541e-01
9.037284362826933926e-01
8.987200890372843975e-01
8.998330550918196558e-01
9.031719532554257635e-01
9.037284362826933926e-01
9.031719532554257635e-01
9.026154702281580233e-01
9.009460211463550250e-01
9.076238174735670183e-01
9.048414023372287618e-01
9.070673344462993892e-01
9.053978853644963909e-01
9.087367835281023876e-01
9.065108514190317601e-01
9.003895381190873959e-01
9.042849193099610217e-01
9.076238174735670183e-01
9.059543683917640200e-01
9.003895381190873959e-01
8.992765720645520267e-01
9.009460211463550250e-01
9.015025041736226541e-01
9.015025041736226541e-01
9.009460211463550250e-01
9.104062326099053859e-01
9.009460211463550250e-01
9.048414023372287618e-01
9.070673344462993892e-01
8.948247078464106607e-01
8.981636060100166574e-01
9.042849193099610217e-01
8.981636060100166574e-01
9.020589872008903942e-01
8.976071229827490283e-01
8.981636060100166574e-01
8.987200890372843975e-01
9.031719532554257635e-01
8.981636060100166574e-01
8.970506399554813992e-01
8.959376739009460300e-01
8.976071229827490283e-01
9.037284362826933926e-01
8.981636060100166574e-01
8.964941569282136591e-01
9.009460211463550250e-01
8.964941569282136591e-01
9.003895381190873959e-01
8.964941569282136591e-01
9.003895381190873959e-01
9.048414023372287618e-01
8.942682248191430316e-01
8.992765720645520267e-01
9.003895381190873959e-01
8.953811908736784009e-01
8.920422927100722932e-01
9.031719532554257635e-01
8.992765720645520267e-01
8.992765720645520267e-01
8.976071229827490283e-01
8.959376739009460300e-01
8.909293266555370350e-01
8.964941569282136591e-01
8.964941569282136591e-01
8.948247078464106607e-01
8.959376739009460300e-01
9.037284362826933926e-01
9.020589872008903942e-01
9.020589872008903942e-01
9.026154702281580233e-01
8.970506399554813992e-01
8.953811908736784009e-01
9.042849193099610217e-01
8.942682248191430316e-01
8.981636060100166574e-01
8.920422927100722932e-01
9.003895381190873959e-01
8.976071229827490283e-01
8.953811908736784009e-01
8.976071229827490283e-01
9.015025041736226541e-01
8.953811908736784009e-01
8.959376739009460300e-01
8.976071229827490283e-01
8.976071229827490283e-01
8.937117417918754025e-01
8.981636060100166574e-01
8.953811908736784009e-01
8.931552587646076624e-01
8.914858096828046641e-01
8.931552587646076624e-01
8.931552587646076624e-01
8.964941569282136591e-01
8.959376739009460300e-01
8.970506399554813992e-01
8.931552587646076624e-01
8.925987757373400333e-01
8.981636060100166574e-01
8.976071229827490283e-01
8.948247078464106607e-01
8.992765720645520267e-01
8.953811908736784009e-01
8.925987757373400333e-01
8.937117417918754025e-01
8.937117417918754025e-01
8.931552587646076624e-01
9.009460211463550250e-01
8.959376739009460300e-01
8.987200890372843975e-01
8.981636060100166574e-01
9.009460211463550250e-01
8.942682248191430316e-01
8.937117417918754025e-01
8.942682248191430316e-01
9.009460211463550250e-01
9.003895381190873959e-01
8.976071229827490283e-01
8.948247078464106607e-01
8.976071229827490283e-01
8.948247078464106607e-01
9.009460211463550250e-01
8.925987757373400333e-01
8.964941569282136591e-01
8.970506399554813992e-01
8.964941569282136591e-01
8.942682248191430316e-01
8.914858096828046641e-01
8.942682248191430316e-01
8.992765720645520267e-01
8.909293266555370350e-01
8.898163606010016657e-01
8.976071229827490283e-01
8.953811908736784009e-01
8.998330550918196558e-01
9.003895381190873959e-01
8.981636060100166574e-01
9.048414023372287618e-01
8.959376739009460300e-01
8.998330550918196558e-01
9.003895381190873959e-01
8.992765720645520267e-01
8.987200890372843975e-01
8.981636060100166574e-01
9.009460211463550250e-01
9.031719532554257635e-01
8.992765720645520267e-01
8.964941569282136591e-01
8.998330550918196558e-01
8.964941569282136591e-01
9.015025041736226541e-01
9.031719532554257635e-01
8.987200890372843975e-01
8.942682248191430316e-01
8.998330550918196558e-01
9.003895381190873959e-01
9.015025041736226541e-01
8.970506399554813992e-01
8.976071229827490283e-01
9.020589872008903942e-01
8.981636060100166574e-01
9.059543683917640200e-01
9.003895381190873959e-01
9.020589872008903942e-01
8.970506399554813992e-01
8.931552587646076624e-01
8.964941569282136591e-01
8.953811908736784009e-01
8.959376739009460300e-01
9.020589872008903942e-01
8.976071229827490283e-01
8.987200890372843975e-01
9.009460211463550250e-01
9.031719532554257635e-01
8.976071229827490283e-01
9.020589872008903942e-01
8.970506399554813992e-01
8.992765720645520267e-01
8.976071229827490283e-01
9.009460211463550250e-01
8.970506399554813992e-01
9.003895381190873959e-01
9.009460211463550250e-01
8.992765720645520267e-01
9.003895381190873959e-01
9.026154702281580233e-01
9.048414023372287618e-01
9.020589872008903942e-01
8.998330550918196558e-01
9.026154702281580233e-01
8.998330550918196558e-01
8.992765720645520267e-01
9.003895381190873959e-01
8.976071229827490283e-01
9.015025041736226541e-01
8.992765720645520267e-01
8.970506399554813992e-01
8.992765720645520267e-01
9.009460211463550250e-01
8.992765720645520267e-01
9.003895381190873959e-01
9.009460211463550250e-01
9.042849193099610217e-01
8.987200890372843975e-01
8.981636060100166574e-01
8.981636060100166574e-01
8.987200890372843975e-01
9.015025041736226541e-01
8.953811908736784009e-01
9.042849193099610217e-01
8.987200890372843975e-01
8.992765720645520267e-01
9.015025041736226541e-01
9.037284362826933926e-01
9.031719532554257635e-01
8.970506399554813992e-01
9.048414023372287618e-01
9.003895381190873959e-01
9.048414023372287618e-01
9.009460211463550250e-01
9.037284362826933926e-01
9.009460211463550250e-01
8.998330550918196558e-01
9.031719532554257635e-01
8.976071229827490283e-01
8.998330550918196558e-01
8.987200890372843975e-01
8.992765720645520267e-01
8.998330550918196558e-01
9.042849193099610217e-01
9.059543683917640200e-01
9.020589872008903942e-01
9.031719532554257635e-01
9.081803005008347585e-01
9.031719532554257635e-01
8.976071229827490283e-01
9.026154702281580233e-01
9.065108514190317601e-01
9.003895381190873959e-01
9.003895381190873959e-01
9.020589872008903942e-01
9.037284362826933926e-01
9.026154702281580233e-01
9.048414023372287618e-01
9.031719532554257635e-01
9.053978853644963909e-01
9.003895381190873959e-01
9.065108514190317601e-01
9.042849193099610217e-01
8.992765720645520267e-01
8.981636060100166574e-01
9.065108514190317601e-01
9.070673344462993892e-01
9.042849193099610217e-01
9.070673344462993892e-01
9.037284362826933926e-01
9.092932665553700167e-01
9.048414023372287618e-01
9.053978853644963909e-01
9.065108514190317601e-01
9.076238174735670183e-01
9.098497495826377568e-01
9.104062326099053859e-01
9.081803005008347585e-01
9.159710628825821210e-01
9.065108514190317601e-01
9.092932665553700167e-01
9.042849193099610217e-01
9.076238174735670183e-01
9.098497495826377568e-01
9.031719532554257635e-01
9.081803005008347585e-01
9.092932665553700167e-01
9.059543683917640200e-01
9.087367835281023876e-01
9.098497495826377568e-01
9.154145798553143809e-01
9.087367835281023876e-01
9.115191986644407551e-01
9.137451307735113826e-01
9.020589872008903942e-01
9.115191986644407551e-01
9.070673344462993892e-01
9.098497495826377568e-01
9.087367835281023876e-01
9.081803005008347585e-01
9.009460211463550250e-01
9.092932665553700167e-01
9.042849193099610217e-01
9.131886477462437535e-01
9.148580968280467518e-01
9.059543683917640200e-01
9.148580968280467518e-01
9.148580968280467518e-01
9.120756816917083842e-01
9.115191986644407551e-01
9.104062326099053859e-01
9.137451307735113826e-01
9.104062326099053859e-01
9.115191986644407551e-01
9.081803005008347585e-01
9.098497495826377568e-01
9.098497495826377568e-01
9.143016138007791227e-01
9.081803005008347585e-01
9.098497495826377568e-01
9.081803005008347585e-01
9.115191986644407551e-01
9.098497495826377568e-01
9.204229271007233759e-01
9.148580968280467518e-01
9.148580968280467518e-01
9.154145798553143809e-01
9.170840289371173792e-01
9.148580968280467518e-01
9.154145798553143809e-01
9.137451307735113826e-01
9.148580968280467518e-01
9.176405119643851194e-01
9.120756816917083842e-01
9.159710628825821210e-01
9.148580968280467518e-01
9.131886477462437535e-01
9.126321647189761244e-01
9.159710628825821210e-01
9.137451307735113826e-01
9.148580968280467518e-01
9.131886477462437535e-01
9.148580968280467518e-01
9.181969949916527485e-01
9.170840289371173792e-01
9.181969949916527485e-01
9.104062326099053859e-01
9.193099610461881177e-01
9.104062326099053859e-01
9.170840289371173792e-01
9.131886477462437535e-01
9.092932665553700167e-01
9.187534780189203776e-01
9.131886477462437535e-01
9.170840289371173792e-01
9.170840289371173792e-01
9.154145798553143809e-01
9.120756816917083842e-01
9.115191986644407551e-01
9.170840289371173792e-01
9.181969949916527485e-01
9.215358931552587451e-01
9.159710628825821210e-01
9.115191986644407551e-01
9.137451307735113826e-01
9.181969949916527485e-01
9.104062326099053859e-01
9.165275459098497501e-01
9.120756816917083842e-01
9.204229271007233759e-01
9.198664440734557468e-01
9.220923761825264853e-01
9.154145798553143809e-01
9.181969949916527485e-01
9.193099610461881177e-01
9.159710628825821210e-01
9.159710628825821210e-01
9.170840289371173792e-01
9.176405119643851194e-01
9.148580968280467518e-01
9.254312743461324819e-01
9.243183082915971127e-01
9.220923761825264853e-01
9.148580968280467518e-01
9.226488592097941144e-01
9.176405119643851194e-01
9.165275459098497501e-01
9.220923761825264853e-01
9.187534780189203776e-01
9.220923761825264853e-01
9.215358931552587451e-01
9.243183082915971127e-01
9.209794101279911160e-01
9.187534780189203776e-01
9.198664440734557468e-01
9.220923761825264853e-01
9.248747913188647418e-01
9.243183082915971127e-01
9.198664440734557468e-01
9.181969949916527485e-01
9.215358931552587451e-01
9.193099610461881177e-01
9.226488592097941144e-01
9.237618252643294836e-01
9.220923761825264853e-01
9.226488592097941144e-01
9.209794101279911160e-01
9.271007234279354803e-01
9.187534780189203776e-01
9.220923761825264853e-01
9.265442404006677402e-01
9.220923761825264853e-01
9.265442404006677402e-01
9.243183082915971127e-01
9.321090706733444753e-01
9.193099610461881177e-01
9.232053422370617435e-01
9.198664440734557468e-01
9.176405119643851194e-01
9.204229271007233759e-01
9.237618252643294836e-01
9.181969949916527485e-01
9.215358931552587451e-01
9.170840289371173792e-01
9.265442404006677402e-01
9.187534780189203776e-01
9.226488592097941144e-01
9.237618252643294836e-01
9.226488592097941144e-01
9.220923761825264853e-01
9.198664440734557468e-01
9.237618252643294836e-01
9.265442404006677402e-01
9.198664440734557468e-01
9.248747913188647418e-01
9.259877573734001110e-01
9.254312743461324819e-01
9.232053422370617435e-01
9.265442404006677402e-01
9.248747913188647418e-01
9.293266555370061077e-01
9.293266555370061077e-01
9.226488592097941144e-01
9.259877573734001110e-01
9.243183082915971127e-01
9.237618252643294836e-01
9.259877573734001110e-01
9.265442404006677402e-01
9.232053422370617435e-01
9.259877573734001110e-01
9.287701725097384786e-01
9.282136894824707385e-01
9.265442404006677402e-01
9.271007234279354803e-01
9.276572064552031094e-01
9.248747913188647418e-01
9.298831385642737368e-01
9.282136894824707385e-01
9.243183082915971127e-01
9.226488592097941144e-01
9.254312743461324819e-01
9.254312743461324819e-01
9.243183082915971127e-01
9.259877573734001110e-01
9.293266555370061077e-01
9.282136894824707385e-01
9.293266555370061077e-01
9.282136894824707385e-01
9.321090706733444753e-01
9.276572064552031094e-01
9.293266555370061077e-01
9.271007234279354803e-01
9.287701725097384786e-01
9.254312743461324819e-01
9.259877573734001110e-01
9.276572064552031094e-01
9.276572064552031094e-01
9.304396215915414770e-01
9.304396215915414770e-01
9.309961046188091061e-01
9.321090706733444753e-01
9.360044518642181011e-01
9.259877573734001110e-01
9.276572064552031094e-01
9.337785197551474736e-01
9.293266555370061077e-01
9.276572064552031094e-01
9.360044518642181011e-01
9.282136894824707385e-01
9.321090706733444753e-01
9.265442404006677402e-01
9.254312743461324819e-01
9.315525876460768462e-01
9.304396215915414770e-01
9.287701725097384786e-01
9.326655537006121044e-01
9.354479688369504720e-01
9.321090706733444753e-01
9.293266555370061077e-01
9.293266555370061077e-01
9.337785197551474736e-01
9.271007234279354803e-01
9.315525876460768462e-01
9.326655537006121044e-01
9.332220367278798445e-01
9.282136894824707385e-01
9.337785197551474736e-01
9.309961046188091061e-01
9.298831385642737368e-01
9.354479688369504720e-01
9.382303839732888395e-01
9.304396215915414770e-01
9.332220367278798445e-01
9.326655537006121044e-01
9.382303839732888395e-01
9.365609348914858412e-01
9.309961046188091061e-01
9.337785197551474736e-01
9.360044518642181011e-01
9.304396215915414770e-01
9.376739009460210994e-01
9.365609348914858412e-01
9.343350027824151027e-01
9.343350027824151027e-01
9.326655537006121044e-01
9.360044518642181011e-01
9.376739009460210994e-01
9.321090706733444753e-01
9.365609348914858412e-01
9.354479688369504720e-01
9.315525876460768462e-01
9.365609348914858412e-01
9.365609348914858412e-01
9.376739009460210994e-01
9.371174179187534703e-01
9.298831385642737368e-01
9.354479688369504720e-01
9.376739009460210994e-01
9.309961046188091061e-01
9.321090706733444753e-01
9.365609348914858412e-01
9.360044518642181011e-01
9.382303839732888395e-01
9.382303839732888395e-01
9.332220367278798445e-01
9.387868670005564686e-01
9.321090706733444753e-01
9.376739009460210994e-01
9.315525876460768462e-01
9.315525876460768462e-01
9.326655537006121044e-01
9.387868670005564686e-01
9.365609348914858412e-01
9.365609348914858412e-01
9.398998330550918379e-01
9.376739009460210994e-01
9.365609348914858412e-01
9.393433500278240977e-01
9.332220367278798445e-01
9.415692821368948362e-01
9.382303839732888395e-01
9.382303839732888395e-01
9.398998330550918379e-01
9.398998330550918379e-01
9.404563160823594670e-01
9.387868670005564686e-01
9.348914858096828429e-01
9.410127991096272071e-01
9.382303839732888395e-01
9.376739009460210994e-01
9.382303839732888395e-01
9.393433500278240977e-01
9.449081803005008329e-01
9.387868670005564686e-01
9.382303839732888395e-01
9.426822481914302054e-01
9.371174179187534703e-01
9.410127991096272071e-01
9.354479688369504720e-01
9.387868670005564686e-01
9.426822481914302054e-01
9.337785197551474736e-01
9.365609348914858412e-01
9.404563160823594670e-01
9.343350027824151027e-01
9.387868670005564686e-01
9.387868670005564686e-01
9.393433500278240977e-01
9.421257651641624653e-01
9.393433500278240977e-01
9.443516972732332038e-01
9.393433500278240977e-01
9.398998330550918379e-01
9.476905954368392004e-01
9.426822481914302054e-01
9.387868670005564686e-01
9.398998330550918379e-01
9.454646633277684620e-01
9.387868670005564686e-01
9.376739009460210994e-01
9.437952142459654636e-01
9.343350027824151027e-01
9.393433500278240977e-01
9.387868670005564686e-01
9.398998330550918379e-01
9.437952142459654636e-01
9.410127991096272071e-01
9.426822481914302054e-01
9.398998330550918379e-01
9.443516972732332038e-01
9.404563160823594670e-01
9.426822481914302054e-01
9.398998330550918379e-01
9.393433500278240977e-01
9.415692821368948362e-01
9.393433500278240977e-01
9.404563160823594670e-01
9.376739009460210994e-01
9.476905954368392004e-01
9.415692821368948362e-01
9.415692821368948362e-01
9.393433500278240977e-01
9.421257651641624653e-01
9.449081803005008329e-01
9.426822481914302054e-01
9.410127991096272071e-01
9.465776293823038312e-01
9.404563160823594670e-01
9.460211463550362021e-01
9.493600445186421988e-01
9.415692821368948362e-01
9.426822481914302054e-01
9.437952142459654636e-01
9.443516972732332038e-01
9.410127991096272071e-01
9.443516972732332038e-01
9.449081803005008329e-01
9.449081803005008329e-01
9.471341124095714603e-01
9.421257651641624653e-01
9.449081803005008329e-01
9.476905954368392004e-01
9.449081803005008329e-01
9.449081803005008329e-01
9.421257651641624653e-01
9.437952142459654636e-01
9.398998330550918379e-01
9.471341124095714603e-01
9.426822481914302054e-01
9.443516972732332038e-01
9.460211463550362021e-01
9.410127991096272071e-01
9.443516972732332038e-01
9.465776293823038312e-01
9.437952142459654636e-01
9.454646633277684620e-01
9.449081803005008329e-01
9.437952142459654636e-01
9.404563160823594670e-01
9.476905954368392004e-01
9.449081803005008329e-01
9.460211463550362021e-01
9.415692821368948362e-01
9.415692821368948362e-01
9.482470784641068295e-01
9.476905954368392004e-01
9.471341124095714603e-01
9.404563160823594670e-01
9.449081803005008329e-01
9.543683917640511938e-01
9.449081803005008329e-01
9.488035614913744586e-01
9.410127991096272071e-01
9.471341124095714603e-01
9.482470784641068295e-01
9.437952142459654636e-01
9.460211463550362021e-01
9.510294936004451971e-01
9.493600445186421988e-01
9.482470784641068295e-01
9.449081803005008329e-01
9.426822481914302054e-01
9.471341124095714603e-01
9.421257651641624653e-01
9.449081803005008329e-01
9.476905954368392004e-01
9.488035614913744586e-01
9.454646633277684620e-01
9.482470784641068295e-01
9.471341124095714603e-01
9.476905954368392004e-01
9.476905954368392004e-01
9.476905954368392004e-01
9.426822481914302054e-01
9.499165275459098279e-01
9.515859766277128262e-01
9.482470784641068295e-01
9.504730105731775680e-01
9.510294936004451971e-01
9.510294936004451971e-01
9.437952142459654636e-01
9.432387312186978345e-01
9.432387312186978345e-01
9.465776293823038312e-01
9.476905954368392004e-01
9.449081803005008329e-01
9.454646633277684620e-01
9.482470784641068295e-01
9.504730105731775680e-01
9.465776293823038312e-01
9.421257651641624653e-01
9.465776293823038312e-01
9.437952142459654636e-01
9.460211463550362021e-01
9.426822481914302054e-01
9.471341124095714603e-01
9.493600445186421988e-01
9.482470784641068295e-01
9.449081803005008329e-01
9.476905954368392004e-01
9.482470784641068295e-01
9.471341124095714603e-01
9.476905954368392004e-01
9.460211463550362021e-01
9.449081803005008329e-01
9.471341124095714603e-01
9.499165275459098279e-01
9.454646633277684620e-01
9.454646633277684620e-01
9.482470784641068295e-01
9.471341124095714603e-01
9.510294936004451971e-01
9.482470784641068295e-01
9.454646633277684620e-01
9.471341124095714603e-01
9.454646633277684620e-01
9.476905954368392004e-01
9.499165275459098279e-01
9.437952142459654636e-01
9.488035614913744586e-01
9.482470784641068295e-01
9.465776293823038312e-01
9.515859766277128262e-01
9.488035614913744586e-01
9.488035614913744586e-01
9.465776293823038312e-01
9.432387312186978345e-01
9.521424596549805663e-01
9.493600445186421988e-01
9.488035614913744586e-01
9.471341124095714603e-01
9.476905954368392004e-01
9.510294936004451971e-01
9.460211463550362021e-01
9.476905954368392004e-01
9.454646633277684620e-01
9.471341124095714603e-01
9.460211463550362021e-01
9.454646633277684620e-01
9.488035614913744586e-01
9.504730105731775680e-01
9.510294936004451971e-01
9.482470784641068295e-01
9.454646633277684620e-01
9.510294936004451971e-01
9.493600445186421988e-01
9.471341124095714603e-01
9.515859766277128262e-01
9.493600445186421988e-01
9.549248747913188229e-01
9.488035614913744586e-01
9.499165275459098279e-01
9.499165275459098279e-01
9.515859766277128262e-01
9.504730105731775680e-01
9.515859766277128262e-01
9.515859766277128262e-01
9.493600445186421988e-01
9.565943238731218212e-01
9.471341124095714603e-01
9.510294936004451971e-01
9.510294936004451971e-01
9.554813578185865630e-01
9.504730105731775680e-01
9.465776293823038312e-01
9.504730105731775680e-01
9.521424596549805663e-01
9.465776293823038312e-01
9.493600445186421988e-01
9.526989426822481954e-01
9.521424596549805663e-01
9.504730105731775680e-01
9.482470784641068295e-01
9.521424596549805663e-01
9.449081803005008329e-01
9.526989426822481954e-01
9.571508069003895613e-01
9.465776293823038312e-01
9.526989426822481954e-01
9.476905954368392004e-01
9.543683917640511938e-01
9.504730105731775680e-01
9.526989426822481954e-01
9.482470784641068295e-01
9.499165275459098279e-01
9.521424596549805663e-01
9.471341124095714603e-01
9.499165275459098279e-01
9.549248747913188229e-01
9.515859766277128262e-01
9.521424596549805663e-01
9.499165275459098279e-01
9.571508069003895613e-01
9.488035614913744586e-01
9.538119087367835647e-01
9.510294936004451971e-01
9.504730105731775680e-01
9.504730105731775680e-01
9.554813578185865630e-01
9.499165275459098279e-01
9.482470784641068295e-01
9.510294936004451971e-01
9.565943238731218212e-01
9.510294936004451971e-01
9.510294936004451971e-01
9.504730105731775680e-01
9.560378408458541921e-01
9.504730105731775680e-01
9.510294936004451971e-01
9.543683917640511938e-01
9.538119087367835647e-01
9.504730105731775680e-01
9.510294936004451971e-01
9.504730105731775680e-01
9.488035614913744586e-01
9.577072899276571905e-01
9.515859766277128262e-01
9.538119087367835647e-01
9.532554257095158246e-01
9.543683917640511938e-01
9.543683917640511938e-01
9.521424596549805663e-01
9.538119087367835647e-01
9.471341124095714603e-01
9.538119087367835647e-01
9.549248747913188229e-01
9.499165275459098279e-01
9.504730105731775680e-01
9.532554257095158246e-01
9.538119087367835647e-01
9.521424596549805663e-01
9.515859766277128262e-01
9.504730105731775680e-01
9.499165275459098279e-01
9.499165275459098279e-01
9.526989426822481954e-01
9.554813578185865630e-01
9.526989426822481954e-01
9.543683917640511938e-01
9.521424596549805663e-01
9.560378408458541921e-01
9.510294936004451971e-01
9.532554257095158246e-01
9.543683917640511938e-01
9.526989426822481954e-01
9.526989426822481954e-01
9.532554257095158246e-01
9.510294936004451971e-01
9.532554257095158246e-01
9.526989426822481954e-01
9.571508069003895613e-01
9.504730105731775680e-01
9.538119087367835647e-01
9.560378408458541921e-01
9.510294936004451971e-01
9.560378408458541921e-01
9.549248747913188229e-01
9.532554257095158246e-01
9.538119087367835647e-01
9.543683917640511938e-01
9.582637729549248196e-01
9.493600445186421988e-01
9.521424596549805663e-01
9.543683917640511938e-01
9.510294936004451971e-01
9.571508069003895613e-01
9.543683917640511938e-01
9.577072899276571905e-01
9.538119087367835647e-01
9.538119087367835647e-01
9.543683917640511938e-01
9.543683917640511938e-01
9.543683917640511938e-01
9.538119087367835647e-01
9.549248747913188229e-01
9.554813578185865630e-01
9.577072899276571905e-01
9.499165275459098279e-01
9.543683917640511938e-01
9.549248747913188229e-01
9.577072899276571905e-01
9.521424596549805663e-01
9.582637729549248196e-01
9.554813578185865630e-01
9.560378408458541921e-01
9.571508069003895613e-01
9.565943238731218212e-01
9.593767390094601888e-01
9.577072899276571905e-01
9.560378408458541921e-01
9.560378408458541921e-01
9.521424596549805663e-01
9.543683917640511938e-01
9.543683917640511938e-01
9.515859766277128262e-01
9.538119087367835647e-01
9.554813578185865630e-01
9.532554257095158246e-01
9.577072899276571905e-01
9.549248747913188229e-01
9.588202559821925597e-01
9.543683917640511938e-01
9.526989426822481954e-01
9.582637729549248196e-01
9.554813578185865630e-01
9.554813578185865630e-01
9.543683917640511938e-01
9.565943238731218212e-01
9.543683917640511938e-01
9.549248747913188229e-01
9.632721202003339256e-01
9.549248747913188229e-01
9.610461880912631871e-01
9.565943238731218212e-01
9.504730105731775680e-01
9.571508069003895613e-01
9.565943238731218212e-01
9.560378408458541921e-01
9.549248747913188229e-01
9.565943238731218212e-01
9.543683917640511938e-01
9.521424596549805663e-01
9.554813578185865630e-01
9.538119087367835647e-01
9.532554257095158246e-01
9.610461880912631871e-01
9.582637729549248196e-01
9.565943238731218212e-01
9.554813578185865630e-01
9.526989426822481954e-01
9.593767390094601888e-01
9.549248747913188229e-01
9.549248747913188229e-01
9.571508069003895613e-01
9.538119087367835647e-01
9.554813578185865630e-01
9.549248747913188229e-01
9.554813578185865630e-01
9.571508069003895613e-01
9.554813578185865630e-01
9.549248747913188229e-01
9.577072899276571905e-01
9.565943238731218212e-01
9.593767390094601888e-01
9.560378408458541921e-01
9.593767390094601888e-01
9.515859766277128262e-01
9.577072899276571905e-01
9.577072899276571905e-01
9.554813578185865630e-01
9.526989426822481954e-01
9.577072899276571905e-01
9.577072899276571905e-01
9.571508069003895613e-01
9.510294936004451971e-01
9.565943238731218212e-01
9.515859766277128262e-01
9.571508069003895613e-01
9.577072899276571905e-01
9.577072899276571905e-01
9.543683917640511938e-01
9.571508069003895613e-01
9.588202559821925597e-01
9.571508069003895613e-01
9.616026711185309273e-01
9.577072899276571905e-01
9.582637729549248196e-01
9.554813578185865630e-01
9.593767390094601888e-01
9.565943238731218212e-01
9.582637729549248196e-01
9.582637729549248196e-01
9.565943238731218212e-01
9.549248747913188229e-01
9.616026711185309273e-01
9.604897050639955580e-01
9.599332220367279289e-01
9.610461880912631871e-01
9.616026711185309273e-01
9.532554257095158246e-01
9.565943238731218212e-01
9.588202559821925597e-01
9.588202559821925597e-01
9.554813578185865630e-01
9.571508069003895613e-01
9.577072899276571905e-01
9.588202559821925597e-01
9.543683917640511938e-01
9.560378408458541921e-01
9.549248747913188229e-01
9.616026711185309273e-01
9.621591541457985564e-01
9.554813578185865630e-01
9.577072899276571905e-01
9.549248747913188229e-01
9.588202559821925597e-01
9.571508069003895613e-01
9.604897050639955580e-01
9.599332220367279289e-01
9.554813578185865630e-01
9.549248747913188229e-01
9.554813578185865630e-01
9.577072899276571905e-01
9.554813578185865630e-01
9.588202559821925597e-01
9.565943238731218212e-01
9.604897050639955580e-01
9.549248747913188229e-01
9.588202559821925597e-01
9.577072899276571905e-01
9.593767390094601888e-01
9.616026711185309273e-01
9.565943238731218212e-01
9.565943238731218212e-01
9.588202559821925597e-01
9.582637729549248196e-01
9.565943238731218212e-01
9.549248747913188229e-01
9.593767390094601888e-01
9.593767390094601888e-01
9.554813578185865630e-01
9.577072899276571905e-01
9.560378408458541921e-01
9.521424596549805663e-01
9.577072899276571905e-01
9.610461880912631871e-01
9.588202559821925597e-01
9.604897050639955580e-01
9.571508069003895613e-01
9.560378408458541921e-01
9.577072899276571905e-01
9.593767390094601888e-01
9.571508069003895613e-01
9.571508069003895613e-01
9.582637729549248196e-01
9.560378408458541921e-01
9.543683917640511938e-01
9.582637729549248196e-01
9.549248747913188229e-01
9.560378408458541921e-01
9.599332220367279289e-01
9.565943238731218212e-01
9.577072899276571905e-01
9.571508069003895613e-01
9.599332220367279289e-01
9.588202559821925597e-01
9.571508069003895613e-01
9.560378408458541921e-01
9.565943238731218212e-01
9.554813578185865630e-01
9.593767390094601888e-01
9.604897050639955580e-01
9.588202559821925597e-01
9.582637729549248196e-01
9.610461880912631871e-01
9.588202559821925597e-01
9.582637729549248196e-01
9.582637729549248196e-01
9.593767390094601888e-01
9.599332220367279289e-01
9.610461880912631871e-01
9.543683917640511938e-01
9.543683917640511938e-01
9.621591541457985564e-01
9.588202559821925597e-01
9.599332220367279289e-01
9.599332220367279289e-01
9.565943238731218212e-01
9.610461880912631871e-01
9.599332220367279289e-01
9.621591541457985564e-01
9.604897050639955580e-01
9.582637729549248196e-01
9.582637729549248196e-01
9.593767390094601888e-01
9.543683917640511938e-01
9.616026711185309273e-01
9.588202559821925597e-01
9.582637729549248196e-01
9.593767390094601888e-01
9.610461880912631871e-01
9.571508069003895613e-01
9.538119087367835647e-01
9.599332220367279289e-01
9.621591541457985564e-01
9.638286032276015547e-01
9.599332220367279289e-01
9.593767390094601888e-01
9.599332220367279289e-01
9.571508069003895613e-01
9.593767390094601888e-01
9.604897050639955580e-01
9.593767390094601888e-01
9.621591541457985564e-01
9.565943238731218212e-01
9.610461880912631871e-01
9.621591541457985564e-01
9.549248747913188229e-01
9.627156371730661855e-01
9.565943238731218212e-01
9.577072899276571905e-01
9.621591541457985564e-01
9.610461880912631871e-01
9.560378408458541921e-01
9.599332220367279289e-01
9.638286032276015547e-01
9.577072899276571905e-01
9.616026711185309273e-01
9.582637729549248196e-01
9.588202559821925597e-01
9.616026711185309273e-01
9.610461880912631871e-01
9.588202559821925597e-01
9.599332220367279289e-01
9.593767390094601888e-01
9.604897050639955580e-01
9.582637729549248196e-01
9.616026711185309273e-01
9.532554257095158246e-01
9.593767390094601888e-01
9.616026711185309273e-01
9.593767390094601888e-01
9.599332220367279289e-01
9.588202559821925597e-01
9.560378408458541921e-01
9.582637729549248196e-01
9.499165275459098279e-01
9.604897050639955580e-01
9.549248747913188229e-01
9.577072899276571905e-01
9.593767390094601888e-01
9.577072899276571905e-01
9.588202559821925597e-01
9.577072899276571905e-01
9.599332220367279289e-01
9.593767390094601888e-01
9.571508069003895613e-01
9.577072899276571905e-01
9.632721202003339256e-01
9.610461880912631871e-01
9.599332220367279289e-01
9.604897050639955580e-01
9.604897050639955580e-01
9.554813578185865630e-01
9.571508069003895613e-01
9.588202559821925597e-01
9.577072899276571905e-01
9.582637729549248196e-01
9.588202559821925597e-01
9.554813578185865630e-01
9.627156371730661855e-01
9.638286032276015547e-01
9.588202559821925597e-01
9.610461880912631871e-01
9.599332220367279289e-01
9.571508069003895613e-01
9.588202559821925597e-01
9.599332220367279289e-01
9.577072899276571905e-01
9.599332220367279289e-01
9.565943238731218212e-01
9.571508069003895613e-01
9.643850862548691838e-01
9.616026711185309273e-01
9.610461880912631871e-01
9.616026711185309273e-01
9.632721202003339256e-01
9.616026711185309273e-01
9.643850862548691838e-01
9.621591541457985564e-01
9.621591541457985564e-01
9.588202559821925597e-01
9.549248747913188229e-01
9.632721202003339256e-01
9.582637729549248196e-01
9.604897050639955580e-01
9.560378408458541921e-01
9.643850862548691838e-01
9.577072899276571905e-01
9.593767390094601888e-01
9.593767390094601888e-01
9.593767390094601888e-01
9.599332220367279289e-01
9.610461880912631871e-01
9.593767390094601888e-01
9.599332220367279289e-01
9.582637729549248196e-01
9.621591541457985564e-01
9.604897050639955580e-01
9.593767390094601888e-01
9.593767390094601888e-01
9.621591541457985564e-01
9.554813578185865630e-01
9.654980523094045530e-01
9.565943238731218212e-01
9.616026711185309273e-01
9.582637729549248196e-01
9.571508069003895613e-01
9.593767390094601888e-01
9.582637729549248196e-01
9.599332220367279289e-01
9.577072899276571905e-01
9.588202559821925597e-01
9.627156371730661855e-01
9.616026711185309273e-01
9.571508069003895613e-01
9.632721202003339256e-01
9.577072899276571905e-01
9.593767390094601888e-01
9.621591541457985564e-01
9.588202559821925597e-01
9.610461880912631871e-01
9.565943238731218212e-01
9.610461880912631871e-01
9.604897050639955580e-01
9.616026711185309273e-01
9.616026711185309273e-01
9.604897050639955580e-01
9.610461880912631871e-01
9.632721202003339256e-01
9.588202559821925597e-01
9.627156371730661855e-01
9.604897050639955580e-01
9.582637729549248196e-01
9.604897050639955580e-01
9.571508069003895613e-01
9.604897050639955580e-01
9.588202559821925597e-01
9.610461880912631871e-01
9.610461880912631871e-01
9.627156371730661855e-01
9.599332220367279289e-01
9.599332220367279289e-01
9.593767390094601888e-01
9.588202559821925597e-01
9.604897050639955580e-01
9.599332220367279289e-01
9.621591541457985564e-01
9.604897050639955580e-01
9.588202559821925597e-01
9.643850862548691838e-01
9.632721202003339256e-01
9.582637729549248196e-01
9.582637729549248196e-01
9.610461880912631871e-01
9.577072899276571905e-01
9.621591541457985564e-01
9.604897050639955580e-01
9.616026711185309273e-01
9.604897050639955580e-01
9.621591541457985564e-01
9.554813578185865630e-01
9.649415692821369239e-01
9.621591541457985564e-01
9.593767390094601888e-01
9.582637729549248196e-01
9.627156371730661855e-01
9.588202559821925597e-01
9.604897050639955580e-01
9.604897050639955580e-01
9.632721202003339256e-01
9.616026711185309273e-01
9.610461880912631871e-01
9.593767390094601888e-01
9.582637729549248196e-01
9.616026711185309273e-01
9.593767390094601888e-01
9.588202559821925597e-01
9.638286032276015547e-01
9.621591541457985564e-01
9.604897050639955580e-01
9.588202559821925597e-01
9.593767390094601888e-01
9.610461880912631871e-01
9.616026711185309273e-01
9.599332220367279289e-01
9.632721202003339256e-01
9.604897050639955580e-01
9.588202559821925597e-01
9.577072899276571905e-01
9.571508069003895613e-01
9.621591541457985564e-01
9.604897050639955580e-01
9.616026711185309273e-01
9.621591541457985564e-01
9.627156371730661855e-01
9.582637729549248196e-01
9.621591541457985564e-01
9.604897050639955580e-01
9.560378408458541921e-01
9.599332220367279289e-01
9.610461880912631871e-01
9.616026711185309273e-01
9.554813578185865630e-01
9.604897050639955580e-01
9.616026711185309273e-01
9.621591541457985564e-01
9.616026711185309273e-01
9.610461880912631871e-01
9.610461880912631871e-01
9.571508069003895613e-01
9.582637729549248196e-01
9.621591541457985564e-01
9.577072899276571905e-01
9.616026711185309273e-01
9.621591541457985564e-01
9.593767390094601888e-01
9.604897050639955580e-01
9.582637729549248196e-01
9.610461880912631871e-01
9.638286032276015547e-01
9.616026711185309273e-01
9.599332220367279289e-01
9.571508069003895613e-01
9.627156371730661855e-01
9.599332220367279289e-01
9.549248747913188229e-01
9.621591541457985564e-01
9.632721202003339256e-01
9.616026711185309273e-01
9.599332220367279289e-01
9.632721202003339256e-01
9.616026711185309273e-01
9.654980523094045530e-01
9.588202559821925597e-01
9.621591541457985564e-01
9.599332220367279289e-01
9.616026711185309273e-01
9.621591541457985564e-01
9.610461880912631871e-01
9.610461880912631871e-01
9.632721202003339256e-01
9.593767390094601888e-01
9.610461880912631871e-01
9.593767390094601888e-01
9.638286032276015547e-01
9.593767390094601888e-01
9.610461880912631871e-01
9.638286032276015547e-01
9.604897050639955580e-01
9.588202559821925597e-01
9.588202559821925597e-01
9.638286032276015547e-01
9.616026711185309273e-01
9.610461880912631871e-01
9.616026711185309273e-01
9.582637729549248196e-01
9.616026711185309273e-01
9.599332220367279289e-01
9.582637729549248196e-01
9.616026711185309273e-01
9.643850862548691838e-01
9.643850862548691838e-01
9.643850862548691838e-01
9.599332220367279289e-01
9.610461880912631871e-01
9.627156371730661855e-01
9.604897050639955580e-01
9.610461880912631871e-01
9.616026711185309273e-01
9.593767390094601888e-01
9.660545353366721821e-01
9.610461880912631871e-01
9.604897050639955580e-01
9.604897050639955580e-01
9.610461880912631871e-01
9.616026711185309273e-01
9.571508069003895613e-01
9.649415692821369239e-01
9.610461880912631871e-01
9.582637729549248196e-01
9.627156371730661855e-01
9.610461880912631871e-01
9.593767390094601888e-01
9.627156371730661855e-01
9.621591541457985564e-01
9.621591541457985564e-01
9.604897050639955580e-01
9.604897050639955580e-01
9.593767390094601888e-01
9.610461880912631871e-01
9.610461880912631871e-01
9.565943238731218212e-01
9.627156371730661855e-01
9.593767390094601888e-01
9.638286032276015547e-01
9.660545353366721821e-01
9.604897050639955580e-01
9.621591541457985564e-01
9.621591541457985564e-01
9.621591541457985564e-01
9.610461880912631871e-01
9.616026711185309273e-01
9.582637729549248196e-01
9.593767390094601888e-01
9.627156371730661855e-01
9.599332220367279289e-01
9.643850862548691838e-01
9.582637729549248196e-01
9.627156371730661855e-01
9.616026711185309273e-01
9.627156371730661855e-01
9.632721202003339256e-01
9.610461880912631871e-01
9.604897050639955580e-01
9.577072899276571905e-01
9.610461880912631871e-01
9.593767390094601888e-01
9.632721202003339256e-01
9.632721202003339256e-01
9.604897050639955580e-01
9.599332220367279289e-01
9.621591541457985564e-01
9.638286032276015547e-01
9.638286032276015547e-01
9.610461880912631871e-01
9.577072899276571905e-01
9.610461880912631871e-01
9.621591541457985564e-01
9.593767390094601888e-01
9.610461880912631871e-01
9.638286032276015547e-01
9.682804674457429206e-01
9.627156371730661855e-01
9.616026711185309273e-01
9.599332220367279289e-01
9.604897050639955580e-01
9.632721202003339256e-01
9.599332220367279289e-01
9.610461880912631871e-01
9.638286032276015547e-01
9.599332220367279289e-01
9.627156371730661855e-01
9.604897050639955580e-01
9.599332220367279289e-01
9.610461880912631871e-01
9.599332220367279289e-01
9.632721202003339256e-01
9.571508069003895613e-01
9.616026711185309273e-01
9.604897050639955580e-01
9.621591541457985564e-01
9.599332220367279289e-01
9.654980523094045530e-01
9.638286032276015547e-01
9.649415692821369239e-01
9.621591541457985564e-01
9.582637729549248196e-01
9.632721202003339256e-01
9.588202559821925597e-01
9.604897050639955580e-01
9.638286032276015547e-01
9.604897050639955580e-01
9.632721202003339256e-01
9.610461880912631871e-01
9.621591541457985564e-01
9.604897050639955580e-01
9.604897050639955580e-01
9.604897050639955580e-01
9.588202559821925597e-01
9.654980523094045530e-01
9.577072899276571905e-01
9.565943238731218212e-01
9.632721202003339256e-01
9.638286032276015547e-01
9.627156371730661855e-01
9.643850862548691838e-01
9.616026711185309273e-01
9.588202559821925597e-01
9.616026711185309273e-01
9.660545353366721821e-01
9.621591541457985564e-01
9.593767390094601888e-01
9.604897050639955580e-01
9.599332220367279289e-01
9.649415692821369239e-01
9.621591541457985564e-01
9.627156371730661855e-01
9.604897050639955580e-01
9.649415692821369239e-01
9.621591541457985564e-01
9.632721202003339256e-01
9.654980523094045530e-01
9.649415692821369239e-01
9.621591541457985564e-01
9.593767390094601888e-01
9.610461880912631871e-01
9.593767390094601888e-01
9.610461880912631871e-01
9.599332220367279289e-01
9.582637729549248196e-01
9.654980523094045530e-01
9.582637729549248196e-01
9.616026711185309273e-01
9.604897050639955580e-01
9.593767390094601888e-01
9.621591541457985564e-01
9.577072899276571905e-01
9.610461880912631871e-01
9.582637729549248196e-01
9.616026711185309273e-01
9.604897050639955580e-01
9.627156371730661855e-01
9.632721202003339256e-01
9.599332220367279289e-01
9.604897050639955580e-01
9.593767390094601888e-01
9.588202559821925597e-01
9.627156371730661855e-01
9.632721202003339256e-01
9.627156371730661855e-01
9.610461880912631871e-01
9.565943238731218212e-01
9.599332220367279289e-01
9.604897050639955580e-01
9.627156371730661855e-01
9.599332220367279289e-01
9.616026711185309273e-01
9.638286032276015547e-01
9.616026711185309273e-01
9.643850862548691838e-01
9.599332220367279289e-01
9.627156371730661855e-01
9.610461880912631871e-01
9.616026711185309273e-01
9.632721202003339256e-01
9.610461880912631871e-01
9.610461880912631871e-01
9.621591541457985564e-01
9.604897050639955580e-01
9.616026711185309273e-01
9.621591541457985564e-01
9.599332220367279289e-01
9.582637729549248196e-01
9.588202559821925597e-01
9.643850862548691838e-01
9.616026711185309273e-01
9.627156371730661855e-01
9.638286032276015547e-01
9.588202559821925597e-01
9.632721202003339256e-01
9.638286032276015547e-01
9.593767390094601888e-01
9.621591541457985564e-01
9.632721202003339256e-01
9.610461880912631871e-01
9.621591541457985564e-01
9.599332220367279289e-01
9.588202559821925597e-01
9.599332220367279289e-01
9.610461880912631871e-01
9.599332220367279289e-01
9.621591541457985564e-01
9.627156371730661855e-01
9.677239844184752915e-01
9.616026711185309273e-01
9.616026711185309273e-01
9.621591541457985564e-01
9.621591541457985564e-01
9.588202559821925597e-01
9.632721202003339256e-01
9.616026711185309273e-01
9.610461880912631871e-01
9.577072899276571905e-01
9.593767390094601888e-01
9.593767390094601888e-01
9.632721202003339256e-01
9.616026711185309273e-01
9.599332220367279289e-01
9.604897050639955580e-01
9.604897050639955580e-01
9.632721202003339256e-01
9.632721202003339256e-01
9.627156371730661855e-01
9.616026711185309273e-01
9.593767390094601888e-01
9.599332220367279289e-01
9.599332220367279289e-01
9.588202559821925597e-01
9.616026711185309273e-01
9.599332220367279289e-01
9.638286032276015547e-01
9.621591541457985564e-01
9.671675013912075514e-01
9.610461880912631871e-01
9.588202559821925597e-01
9.649415692821369239e-01
9.616026711185309273e-01
9.649415692821369239e-01
9.627156371730661855e-01
9.593767390094601888e-01
9.627156371730661855e-01
9.599332220367279289e-01
9.616026711185309273e-01
9.604897050639955580e-01
9.621591541457985564e-01
9.632721202003339256e-01
9.593767390094601888e-01
9.621591541457985564e-01
9.599332220367279289e-01
9.643850862548691838e-01
9.577072899276571905e-01
9.643850862548691838e-01
9.638286032276015547e-01
9.638286032276015547e-01
9.577072899276571905e-01
9.627156371730661855e-01
9.638286032276015547e-01
9.632721202003339256e-01
9.610461880912631871e-01
9.599332220367279289e-01
9.604897050639955580e-01
9.627156371730661855e-01
9.593767390094601888e-01
9.627156371730661855e-01
9.610461880912631871e-01
9.616026711185309273e-01
9.599332220367279289e-01
9.610461880912631871e-01
9.627156371730661855e-01
9.649415692821369239e-01
9.654980523094045530e-01
9.632721202003339256e-01
9.593767390094601888e-01
9.643850862548691838e-01
9.599332220367279289e-01
9.621591541457985564e-01
9.610461880912631871e-01
9.627156371730661855e-01
9.577072899276571905e-01
9.604897050639955580e-01
9.610461880912631871e-01
9.616026711185309273e-01
9.593767390094601888e-01
9.632721202003339256e-01
9.654980523094045530e-01
9.643850862548691838e-01
9.616026711185309273e-01
9.599332220367279289e-01
9.627156371730661855e-01
9.599332220367279289e-01
9.638286032276015547e-01
9.632721202003339256e-01
9.621591541457985564e-01
9.610461880912631871e-01
9.638286032276015547e-01
9.649415692821369239e-01
9.604897050639955580e-01
9.621591541457985564e-01
9.627156371730661855e-01
9.604897050639955580e-01
9.604897050639955580e-01
9.604897050639955580e-01
9.599332220367279289e-01
9.627156371730661855e-01
9.627156371730661855e-01
9.627156371730661855e-01
9.627156371730661855e-01
9.627156371730661855e-01
9.643850862548691838e-01
9.632721202003339256e-01
9.599332220367279289e-01
9.621591541457985564e-01
9.593767390094601888e-01
9.621591541457985564e-01
9.593767390094601888e-01
9.599332220367279289e-01
9.616026711185309273e-01
9.627156371730661855e-01
9.627156371730661855e-01
9.610461880912631871e-01
9.616026711185309273e-01
9.616026711185309273e-01
9.632721202003339256e-01
9.582637729549248196e-01
9.627156371730661855e-01
9.632721202003339256e-01
9.616026711185309273e-01
9.627156371730661855e-01
9.671675013912075514e-01
9.577072899276571905e-01
9.632721202003339256e-01
9.610461880912631871e-01
9.582637729549248196e-01
9.632721202003339256e-01
9.599332220367279289e-01
9.627156371730661855e-01
9.621591541457985564e-01
9.604897050639955580e-01
9.621591541457985564e-01
9.593767390094601888e-01
9.621591541457985564e-01
9.632721202003339256e-01
9.610461880912631871e-01
9.627156371730661855e-01
9.616026711185309273e-01
9.627156371730661855e-01
9.588202559821925597e-01
9.627156371730661855e-01
9.632721202003339256e-01
9.632721202003339256e-01
9.627156371730661855e-01
9.621591541457985564e-01
9.671675013912075514e-01
9.654980523094045530e-01
9.627156371730661855e-01
9.643850862548691838e-01
9.638286032276015547e-01
9.666110183639399223e-01
9.638286032276015547e-01
9.632721202003339256e-01
9.638286032276015547e-01
9.632721202003339256e-01
9.649415692821369239e-01
9.643850862548691838e-01
9.621591541457985564e-01
9.638286032276015547e-01
9.632721202003339256e-01
9.616026711185309273e-01
9.638286032276015547e-01
9.627156371730661855e-01
9.577072899276571905e-01
9.610461880912631871e-01
9.621591541457985564e-01
9.621591541457985564e-01
9.599332220367279289e-01
9.666110183639399223e-01
9.649415692821369239e-01
9.632721202003339256e-01
9.632721202003339256e-01
9.621591541457985564e-01
9.654980523094045530e-01
9.627156371730661855e-01
9.621591541457985564e-01
9.666110183639399223e-01
9.616026711185309273e-01
9.649415692821369239e-01
9.632721202003339256e-01
9.621591541457985564e-01
9.610461880912631871e-01
9.616026711185309273e-01
9.621591541457985564e-01
9.610461880912631871e-01
9.627156371730661855e-01
9.616026711185309273e-01
9.643850862548691838e-01
9.627156371730661855e-01
9.627156371730661855e-01
9.649415692821369239e-01
9.604897050639955580e-01
9.604897050639955580e-01
9.610461880912631871e-01
9.649415692821369239e-01
9.599332220367279289e-01
9.682804674457429206e-01
9.616026711185309273e-01
9.621591541457985564e-01
9.599332220367279289e-01
9.671675013912075514e-01
9.638286032276015547e-01
9.599332220367279289e-01
9.638286032276015547e-01
9.621591541457985564e-01
9.621591541457985564e-01
9.649415692821369239e-01
9.621591541457985564e-01
9.638286032276015547e-01
9.638286032276015547e-01
9.638286032276015547e-01
9.643850862548691838e-01
9.666110183639399223e-01
9.643850862548691838e-01
9.632721202003339256e-01
9.627156371730661855e-01
9.643850862548691838e-01
9.616026711185309273e-01
9.677239844184752915e-01
9.599332220367279289e-01
9.649415692821369239e-01
9.643850862548691838e-01
9.643850862548691838e-01
9.638286032276015547e-01
9.593767390094601888e-01
9.649415692821369239e-01
9.593767390094601888e-01
9.621591541457985564e-01
9.638286032276015547e-01
9.632721202003339256e-01
9.649415692821369239e-01
9.654980523094045530e-01
9.610461880912631871e-01
9.599332220367279289e-01
9.649415692821369239e-01
9.632721202003339256e-01
9.632721202003339256e-01
9.654980523094045530e-01
9.627156371730661855e-01
9.638286032276015547e-01
9.649415692821369239e-01
9.654980523094045530e-01
9.610461880912631871e-01
9.610461880912631871e-01
9.632721202003339256e-01
9.627156371730661855e-01
9.616026711185309273e-01
9.610461880912631871e-01
9.621591541457985564e-01
9.616026711185309273e-01
9.627156371730661855e-01
9.643850862548691838e-01
9.666110183639399223e-01
9.593767390094601888e-01
9.643850862548691838e-01
9.643850862548691838e-01
9.616026711185309273e-01
9.654980523094045530e-01
9.593767390094601888e-01
9.621591541457985564e-01
9.610461880912631871e-01
9.638286032276015547e-01
9.666110183639399223e-01
9.599332220367279289e-01
9.610461880912631871e-01
9.610461880912631871e-01
9.638286032276015547e-01
9.666110183639399223e-01
9.616026711185309273e-01
9.643850862548691838e-01
9.621591541457985564e-01
9.632721202003339256e-01
9.604897050639955580e-01
9.621591541457985564e-01
9.654980523094045530e-01
9.643850862548691838e-01
9.627156371730661855e-01
9.632721202003339256e-01
9.649415692821369239e-01
9.643850862548691838e-01
9.649415692821369239e-01
9.660545353366721821e-01
9.627156371730661855e-01
9.671675013912075514e-01
9.649415692821369239e-01
9.627156371730661855e-01
9.649415692821369239e-01
9.643850862548691838e-01
9.671675013912075514e-01
9.660545353366721821e-01
9.621591541457985564e-01
9.643850862548691838e-01
9.627156371730661855e-01
9.616026711185309273e-01
9.660545353366721821e-01
9.638286032276015547e-01
9.593767390094601888e-01
9.654980523094045530e-01
9.666110183639399223e-01
9.604897050639955580e-01
