-3.390458085098233454e+01
-3.178073756476588940e+01
-3.073311909419821575e+01
-3.012922434864418619e+01
-2.992358501155730366e+01
-2.966012481159233261e+01
-2.956203332358320068e+01
-2.947943757013987209e+01
-2.936173295382478088e+01
-2.928635524583817329e+01
-2.920299330837703877e+01
-2.923824109108162261e+01
-2.930097560461947737e+01
-2.921989843137128773e+01
-2.913924711866630091e+01
-2.907595938467117946e+01
-2.900118368253130896e+01
-2.900853010389550235e+01
-2.900377042918766790e+01
-2.898277495900319423e+01
-2.897798893538652720e+01
-2.882015169158056267e+01
-2.888767401457291939e+01
-2.884723239842755049e+01
-2.886594434259312791e+01
-2.883847107468704252e+01
-2.894325735830900115e+01
-2.892296363100078338e+01
-2.885374717168917513e+01
-2.887707636669918543e+01
-2.890691067028816263e+01
-2.899521510893248433e+01
-2.900253445645915207e+01
-2.888516899246387126e+01
-2.892157006952454879e+01
-2.888338307327164145e+01
-2.888335398381741825e+01
-2.876745306162119675e+01
-2.873250873558672680e+01
-2.869184835221743768e+01
-2.866643853958860788e+01
-2.880886093448936336e+01
-2.874380340798449751e+01
-2.875898650409736135e+01
-2.870745712245489756e+01
-2.874440859107887292e+01
-2.883102384983358135e+01
-2.876634399567436873e+01
-2.878403687895249519e+01
-2.866411268439898663e+01
-2.866568436447100510e+01
-2.881030101927084175e+01
-2.872533575982135901e+01
-2.864082930914936043e+01
-2.863998562601020126e+01
-2.880244081398700828e+01
-2.875238822232983082e+01
-2.879298584565513863e+01
-2.860461473199903182e+01
-2.869442142805439033e+01
-2.866637504656212343e+01
-2.872409097104806719e+01
-2.874342461833953877e+01
-2.865730893065911644e+01
-2.871723019495191664e+01
-2.872628259799212458e+01
-2.884203779138510626e+01
-2.872199193256501459e+01
-2.873479101957441983e+01
-2.874487181698851757e+01
-2.870959574324546892e+01
-2.872431521878309013e+01
-2.846367341181948163e+01
-2.860102453649087551e+01
-2.849788942385601942e+01
-2.842775031518109330e+01
-2.849204528558841076e+01
-2.853932422313223327e+01
-2.851356801469187729e+01
-2.845537816688077370e+01
-2.859116697910561555e+01
-2.857446059022599627e+01
-2.844336554394399741e+01
-2.858012113663398779e+01
-2.858995453700693545e+01
-2.860264125482515851e+01
-2.849586036092941299e+01
-2.861894982472226090e+01
-2.843817666043245751e+01
-2.838521880960309574e+01
-2.843006103649442551e+01
-2.831757509726127608e+01
-2.840963259031578048e+01
-2.839145160256630618e+01
-2.843066235725413904e+01
-2.838375447885873015e+01
-2.836564853567650246e+01
-2.836685949042981036e+01
-2.828477072952752636e+01
-2.833381222658873000e+01
-2.827674296931659725e+01
-2.826305784093195328e+01
-2.828470647004608196e+01
-2.831577284980454579e+01
-2.815150088520715954e+01
-2.808881202298823609e+01
-2.816414914084924703e+01
-2.813653128376682133e+01
-2.814602231391710774e+01
-2.801585597690010587e+01
-2.797215094607556196e+01
-2.796347589626811114e+01
-2.801096167694736039e+01
-2.799421633157156464e+01
-2.778766513997596022e+01
-2.777144727101912025e+01
-2.778636753869043474e+01
-2.766023599050214443e+01
-2.781263412587880168e+01
-2.770077901159277900e+01
-2.770171971392315413e+01
-2.761833700186203799e+01
-2.759213125424537338e+01
-2.758389087670022377e+01
-2.751811598838827777e+01
-2.741279751181624391e+01
-2.736664293927222502e+01
-2.750573429950610205e+01
-2.719499203992287661e+01
-2.733057485907823292e+01
-2.712030381760672881e+01
-2.710731858444868436e+01
-2.720625197622025127e+01
-2.712911852023204418e+01
-2.705188102135571526e+01
-2.704807277734121840e+01
-2.676256621430560756e+01
-2.674827330145167892e+01
-2.683661490061217947e+01
-2.658474041452900849e+01
-2.658637379687118596e+01
-2.662535858930943178e+01
-2.667719035714813458e+01
-2.656387781350202104e+01
-2.643072861884848379e+01
-2.634733737439846024e+01
-2.615621816884782191e+01
-2.618819928133707364e+01
-2.634418464868315013e+01
-2.618840160196391054e+01
-2.623934754091240151e+01
-2.627750175365767049e+01
-2.621278958211174270e+01
-2.620592705919156984e+01
-2.615763649845274585e+01
-2.587519774725911859e+01
-2.610973049171543181e+01
-2.604984169121757631e+01
-2.620538696782854871e+01
-2.620862488808252166e+01
-2.609933231564944123e+01
-2.629496364133299480e+01
-2.640733747511582052e+01
-2.639258493495457714e+01
-2.614644292144572546e+01
-2.591723369023364754e+01
-2.602816752711556347e+01
-2.600035707222845005e+01
-2.632270884488198703e+01
-2.625500993782594250e+01
-2.607538736566552018e+01
-2.593874469685808748e+01
-2.586243002976564398e+01
-2.599842800501922113e+01
-2.633538283458036133e+01
-2.619498359170917112e+01
-2.598813641254598039e+01
-2.641102619111359218e+01
-2.598905463842413610e+01
-2.549381948950797039e+01
-2.593455967047934507e+01
-2.601310348733225197e+01
-2.638146280474165550e+01
-2.603659225382111586e+01
-2.620193612660998284e+01
-2.568580449349992278e+01
-2.587177924786930205e+01
-2.599222194588709911e+01
-2.598413753914559621e+01
-2.612900008721645051e+01
-2.621251295649516067e+01
-2.595293680673878356e+01
-2.609339308730992002e+01
-2.553729649002542601e+01
-2.583898757123357370e+01
-2.595821127826883057e+01
-2.587499097274185900e+01
-2.591446896514700526e+01
-2.600555669993649843e+01
-2.634997906039957627e+01
-2.631240271157507848e+01
-2.654369299698015894e+01
-2.577982612080530345e+01
-2.558291349263708980e+01
-2.571113650925544647e+01
-2.590804687952713792e+01
-2.611314160569925136e+01
-2.652162224556965953e+01
-2.608174991801577391e+01
-2.602691502552822911e+01
-2.551596451971606072e+01
-2.541819704543257430e+01
-2.550589143627468403e+01
-2.574608606935628075e+01
-2.643292991480333143e+01
-2.677455112085495514e+01
-2.554513162224558798e+01
-2.523800334794433553e+01
-2.515216623412723607e+01
-2.532726060198838169e+01
-2.557948800237673836e+01
-2.583391736547645223e+01
-2.612470157772619217e+01
-2.663966797634308747e+01
-2.693112508300535524e+01
-2.574945795871980891e+01
-2.513943267712595997e+01
-2.536628026844242711e+01
-2.568332123232353936e+01
-2.581361757956640801e+01
-2.563448520763268235e+01
-2.608312998638997016e+01
-2.625671599637101039e+01
-2.654884936101471737e+01
-2.623773968767498488e+01
-2.541536008347727460e+01
-2.528771672714839980e+01
-2.542367331832365451e+01
-2.566566997091007352e+01
-2.610757192566088847e+01
-2.587722523178945266e+01
-2.589587657200483051e+01
-2.568726980074206878e+01
-2.556067055978122227e+01
-2.516475967218898901e+01
-2.541677028105369729e+01
-2.582275441394302717e+01
-2.589402534281243362e+01
-2.589390760841699191e+01
-2.563470320238762312e+01
-2.575863711619759755e+01
-2.586975008902289019e+01
-2.537334762655676101e+01
-2.524418703451211599e+01
-2.540225809187769102e+01
-2.559857333118169009e+01
-2.552429567692473711e+01
-2.590948625899280700e+01
-2.648195027385242284e+01
-2.587531546269592297e+01
-2.515971476869779622e+01
-2.504985573294504420e+01
-2.538356423316561816e+01
-2.596215849560952194e+01
-2.563238393485875477e+01
-2.525499147495163044e+01
-2.521826917271215507e+01
-2.520526109026408434e+01
-2.628252468844764422e+01
-2.551748488245360491e+01
-2.537804816735166469e+01
-2.502019284823354184e+01
-2.510712082636074527e+01
-2.540050691792125903e+01
-2.552532225493417428e+01
-2.625535574413391515e+01
-2.580538420183503234e+01
-2.513972183608848354e+01
-2.490176464524745015e+01
-2.522711329996748830e+01
-2.526527565644833828e+01
-2.536962656024968155e+01
-2.567882172850863043e+01
-2.586624480945533477e+01
-2.529206242794034054e+01
-2.576540548346059012e+01
-2.572784283503340674e+01
-2.559706014034696864e+01
-2.485830995837373791e+01
-2.483980023081063848e+01
-2.518549204633777094e+01
-2.525115975896573417e+01
-2.559936689944949251e+01
-2.602781165758164761e+01
-2.556118191216753743e+01
-2.487796455432595621e+01
-2.493468609074522035e+01
-2.498089918528294007e+01
-2.505171248152768371e+01
-2.524265839502640318e+01
-2.546515827054507142e+01
-2.566668000179830145e+01
-2.533713074372300156e+01
-2.456178965282009585e+01
-2.477133884674535480e+01
-2.521601646517304829e+01
-2.551643871894506077e+01
-2.514574021132238713e+01
-2.531279865213776858e+01
-2.461245858763865968e+01
-2.484917494360216139e+01
-2.503233089687910606e+01
-2.488717067642049585e+01
-2.518949677543711729e+01
-2.531233017409886443e+01
-2.614496430949563432e+01
-2.458155008502687977e+01
-2.447407317500031354e+01
-2.449639294571456105e+01
-2.491578522458532063e+01
-2.495685972899520877e+01
-2.606353837283316111e+01
-2.582578991708499672e+01
-2.433159841071201868e+01
-2.452911292031465607e+01
-2.455191144096260203e+01
-2.467874245162105495e+01
-2.477626304635973042e+01
-2.526045351799098526e+01
-2.490122287966411818e+01
-2.447178106702313727e+01
-2.446524839615899438e+01
-2.480018701027199768e+01
-2.470834039267780469e+01
-2.529014752413643308e+01
-2.678491790451341004e+01
-2.484448449815847582e+01
-2.406132964867270019e+01
-2.418556001964257973e+01
-2.450209051228838675e+01
-2.463471469679754122e+01
-2.452665155941626907e+01
-2.475398827278503333e+01
-2.498875965231188090e+01
-2.640257648381940569e+01
-2.503441998823752712e+01
-2.399663631810700792e+01
-2.395531752813408843e+01
-2.432598943175099038e+01
-2.441402027594965318e+01
-2.481548277334395181e+01
-2.515376209005448516e+01
-2.473457944315046575e+01
-2.414931951403766064e+01
-2.406151370401949308e+01
-2.424996832676563940e+01
-2.428972237749936625e+01
-2.477380084031787177e+01
-2.481040728354946268e+01
-2.651201541424254771e+01
-2.477739829142188910e+01
-2.363848282274475920e+01
-2.361559427101359532e+01
-2.384846405481553333e+01
-2.419662745737785414e+01
-2.446251838712972315e+01
-2.483403768738422457e+01
-2.469708962196774138e+01
-2.414019811874361565e+01
-2.373947069594665749e+01
-2.402390447811918861e+01
-2.440039576239565733e+01
-2.420276887146778932e+01
-2.506900856493266971e+01
-2.402815138749148716e+01
-2.383862692351012313e+01
-2.392810270873737366e+01
-2.406341250169290191e+01
-2.424607524026802707e+01
-2.496447035482850652e+01
-2.435432912350323065e+01
-2.367592398114650010e+01
-2.362322596537790886e+01
-2.424902171697182141e+01
-2.400814903559436075e+01
-2.435705112010174389e+01
-2.440918196220778569e+01
-2.472992068690664524e+01
-2.406787858923463119e+01
-2.461413283564175458e+01
-2.420982381242524539e+01
-2.383093973517349085e+01
-2.409346855589594227e+01
-2.415348696296100428e+01
-2.414386608018622127e+01
-2.523005146121410647e+01
-2.392117836160656452e+01
-2.332614889030970673e+01
-2.391143400412173747e+01
-2.387887157182566256e+01
-2.422207151906707878e+01
-2.453490788886140450e+01
-2.471129809780811826e+01
-2.483615191675827205e+01
-2.507496277136230134e+01
-2.478900786868516448e+01
-2.395210009243411164e+01
-2.368842916550035582e+01
-2.379677888950564224e+01
-2.385212621653586851e+01
-2.451684525904400402e+01
-2.489107375677069101e+01
-2.425985175651458547e+01
-2.455369820084166932e+01
-2.536678071852898242e+01
-2.546374690013486131e+01
-2.352496280858190403e+01
-2.321227076405243039e+01
-2.357745109358293334e+01
-2.372240830989443694e+01
-2.399453339074528557e+01
-2.426777912553605532e+01
-2.436752035596455812e+01
-2.418808081494920259e+01
-2.398494694404753247e+01
-2.353155692368069651e+01
-2.322352644697219404e+01
-2.352798796650901281e+01
-2.365700062217604227e+01
-2.429033991941462745e+01
-2.448127259638848940e+01
-2.368299672317374771e+01
-2.314760628500171435e+01
-2.302866009899456046e+01
-2.301142012542947057e+01
-2.334260721455922649e+01
-2.386541207205501536e+01
-2.470156044841982634e+01
-2.433973433203146186e+01
-2.459395385559989933e+01
-2.446932536798128055e+01
-2.532611223033814696e+01
-2.397345708940515863e+01
-2.276277946775212158e+01
-2.285924083367750370e+01
-2.321130187402992462e+01
-2.399726762023208337e+01
-2.389556513373287672e+01
-2.439432218420337506e+01
-2.360445568121729565e+01
-2.276431918090598927e+01
-2.309379050205777517e+01
-2.342187832536109582e+01
-2.323810589515885283e+01
-2.396688221077388903e+01
-2.509906119434035787e+01
-2.355249697948746146e+01
-2.280916271749778090e+01
-2.297282088354893759e+01
-2.400842997268183510e+01
-2.385459165506181733e+01
-2.393867030022714815e+01
-2.408520443659437049e+01
-2.352285184916135208e+01
-2.401281167578330056e+01
-2.474606938412185642e+01
-2.296450872378666475e+01
-2.263499300284607685e+01
-2.297021941091797004e+01
-2.322906635023096911e+01
-2.371214831439139203e+01
-2.387656820904234323e+01
-2.568079427781131585e+01
-2.450131115035923557e+01
-2.284253195671539061e+01
-2.317825784872443862e+01
-2.302538102622181171e+01
-2.342259841447842561e+01
-2.350953074725808278e+01
-2.377820566145074821e+01
-2.365042959940628364e+01
-2.364311055571089426e+01
-2.288216679137011411e+01
-2.331644883380648636e+01
-2.404130784041456792e+01
-2.284610278900420255e+01
-2.354218960264202209e+01
-2.279934139936792903e+01
-2.325589698468158772e+01
-2.318431808344780265e+01
-2.307868904924185571e+01
-2.436605246860031926e+01
-2.315036829903704074e+01
-2.252889074280776782e+01
-2.282173153082831618e+01
-2.296764984318547675e+01
-2.413845581286090081e+01
-2.295298165369753107e+01
-2.286519377869979408e+01
-2.402496221648951291e+01
-2.328540603951155319e+01
-2.323996894149390968e+01
-2.334235853165169772e+01
-2.372787674720523299e+01
-2.377832840498130551e+01
-2.292836797823517614e+01
-2.312349762953783028e+01
-2.367163296833709651e+01
-2.434680000129698740e+01
-2.237905862423489012e+01
-2.248518741308008728e+01
-2.275451265772861831e+01
-2.318500024632211876e+01
-2.363553235729372659e+01
-2.309950502161003882e+01
-2.287123228902756011e+01
-2.410129619681423563e+01
-2.501557780592522562e+01
-2.237116156017889779e+01
-2.218535922145652250e+01
-2.252593335289698473e+01
-2.248776255779763034e+01
-2.305246222748550977e+01
-2.317753765503353236e+01
-2.348664080304839530e+01
-2.303438340515739213e+01
-2.503618977093537978e+01
-2.310981961932446538e+01
-2.199577753826028825e+01
-2.245205246667143584e+01
-2.285500979701344804e+01
-2.433577009060060448e+01
-2.301750347912425099e+01
-2.314047102039871717e+01
-2.375126683423300378e+01
-2.401516636006007843e+01
-2.309038118660174277e+01
-2.272356783343411379e+01
-2.214492261525865402e+01
-2.371422074165906224e+01
-2.259875501837862899e+01
-2.336325522271378219e+01
-2.497415650568768797e+01
-2.322660287147520464e+01
-2.206884208660858349e+01
-2.263595374848625497e+01
-2.317361802899169376e+01
-2.279043472132765302e+01
-2.368560911168460947e+01
-2.323431873868140940e+01
-2.262352115958849197e+01
-2.229975535930451969e+01
-2.260468453616673656e+01
-2.418784673022271292e+01
-2.264146113889544054e+01
-2.446695425540125157e+01
-2.433767368964833366e+01
-2.237747368433434403e+01
-2.264319625346647058e+01
-2.241237444358409192e+01
-2.293243422694988709e+01
-2.319590350005846346e+01
-2.415848079183070851e+01
-2.215321011034849263e+01
-2.242168584529999720e+01
-2.260302991351804280e+01
-2.281670992234757023e+01
-2.278587813049339061e+01
-2.647304806260426346e+01
-2.210134369669874843e+01
-2.193471944198556045e+01
-2.262395562074680910e+01
-2.264225817702216048e+01
-2.306124271516335256e+01
-2.239043940738618588e+01
-2.317270932484571588e+01
-2.463776415820015941e+01
-2.239078525074891601e+01
-2.195788849774300289e+01
-2.242471966892013313e+01
-2.261083171979207407e+01
-2.324665213850299139e+01
-2.348952780891812964e+01
-2.261225915219699445e+01
-2.243492286383157364e+01
-2.524730047673035571e+01
-2.330956415080076383e+01
-2.147599095705441741e+01
-2.192988886376624791e+01
-2.284017889642786869e+01
-2.273033550369158107e+01
-2.342935875711195592e+01
-2.285731902727977172e+01
-2.498877280462666661e+01
-2.280638662466975575e+01
-2.193074977143312765e+01
-2.256675350303756744e+01
-2.263788322081657256e+01
-2.262133216423506710e+01
-2.310783903791556071e+01
-2.242725043585412337e+01
-2.297976593920817479e+01
-2.443807533555239431e+01
-2.168917333270096393e+01
-2.175451490569714252e+01
-2.243182663300327562e+01
-2.361225408605094245e+01
-2.269272220528248241e+01
-2.258763370644859236e+01
-2.253675494337509022e+01
-2.496043169295460018e+01
-2.182362434626323733e+01
-2.217376168778096002e+01
-2.233004527127247840e+01
-2.263687295839135416e+01
-2.418182068500623672e+01
-2.221216501361668705e+01
-2.250029000309198324e+01
-2.229032937533607495e+01
-2.287945933126104947e+01
-2.297919578401847573e+01
-2.319248627624313386e+01
-2.260301106593574261e+01
-2.789990843323906944e+01
-2.214423420959752775e+01
-2.142416867844594108e+01
-2.222379559052156139e+01
-2.245564709592207819e+01
-2.261978310905838185e+01
-2.278284976046970556e+01
-2.406275538084573995e+01
-2.191399602146376324e+01
-2.254929418268993402e+01
-2.305149342740285690e+01
-2.415083961849678573e+01
-2.307735309750766461e+01
-2.190250489655762678e+01
-2.188723765884600425e+01
-2.240245934610740619e+01
-2.259664394682454613e+01
-2.300208678797849871e+01
-2.287052137633857285e+01
-2.339912903848124159e+01
-2.394341645062663915e+01
-2.129606406349834558e+01
-2.172201030202904093e+01
-2.222147934781290957e+01
-2.259890145867529299e+01
-2.241248285954273811e+01
-2.393660378467267336e+01
-2.314690651589462789e+01
-2.157668000977723821e+01
-2.236833600124157684e+01
-2.304719253290821968e+01
-2.222419798918948075e+01
-2.400749989371374937e+01
-2.236661928122263987e+01
-2.183753127155481621e+01
-2.329804571347123243e+01
-2.154075320410195715e+01
-2.223605855598957959e+01
-2.186921100050192379e+01
-2.511863920985256016e+01
-2.263371561864540382e+01
-2.141291700597669134e+01
-2.246888248051402215e+01
-2.257839224956697777e+01
-2.296176189070219209e+01
-2.230667028951480191e+01
-2.207250956946211673e+01
-2.294622695164387238e+01
-2.227651004203982055e+01
-2.359989886380169466e+01
-2.203081300160592093e+01
-2.202515056098694401e+01
-2.292530186679018200e+01
-2.175574886462774060e+01
-2.263343796557025911e+01
-2.214841808694943737e+01
-2.707011656890343332e+01
-2.342684055140203370e+01
-2.158812822797802866e+01
-2.271114582591125952e+01
-2.186669425500581454e+01
-2.268419803584439265e+01
-2.165082201206812584e+01
-2.352444358838405947e+01
-2.193192301694956825e+01
-2.200307416787868320e+01
-2.214022748727484213e+01
-2.240905415318851013e+01
-2.208420239347955061e+01
-2.273079084947919526e+01
-2.257212753194857058e+01
-2.346870352827948025e+01
-2.218730770457800006e+01
-2.145920495659415295e+01
-2.229452140610532851e+01
-2.231001209185692957e+01
-2.250729106092460796e+01
-2.329457014873063159e+01
-2.430481881265511390e+01
-2.169917630061528513e+01
-2.198624797376471918e+01
-2.160212286073966226e+01
-2.272923635032068290e+01
-2.264602014411227060e+01
-2.275372074091774621e+01
-2.386098580632144106e+01
-2.169637249178373040e+01
-2.186175455900452391e+01
-2.200615982042314656e+01
-2.225062779914036071e+01
-2.285497515915705335e+01
-2.282865863195461031e+01
-2.262417196962805832e+01
-2.153686834613310808e+01
-2.239323279274069378e+01
-2.269820006789787570e+01
-2.275161472813875818e+01
-2.268547295492070859e+01
-2.163630047473658990e+01
-2.547421000130723812e+01
-2.205384271339988800e+01
-2.116224806066548325e+01
-2.193716413673013221e+01
-2.151395781655099881e+01
-2.294545446441483350e+01
-2.120742969419537971e+01
-2.278475491428882549e+01
-2.208197344619400937e+01
-2.267154493940015669e+01
-2.214612942774829207e+01
-2.427761454532723917e+01
-2.210582103976165413e+01
-2.112909686507535767e+01
-2.161472097396326220e+01
-2.273527169945124626e+01
-2.263941967742493233e+01
-2.243422183976500861e+01
-2.206304768499111901e+01
-2.226135954238416659e+01
-2.189648170635797797e+01
-2.344144498499105467e+01
-2.181541917888972648e+01
-2.201821475832652908e+01
-2.196696632397938842e+01
-2.243509831714836977e+01
-2.175315386706737542e+01
-2.492337722282984203e+01
-2.271541878714712581e+01
-2.116761195327128320e+01
-2.190779983774297435e+01
-2.212777654132960947e+01
-2.263770053948507766e+01
-2.245303873537864092e+01
-2.265680899480471311e+01
-2.114671062860561079e+01
-2.255564137194332730e+01
-2.232492480718814676e+01
-2.260021130017204172e+01
-2.250782807352617709e+01
-2.177356543952144818e+01
-2.216010426523718380e+01
-2.194996674746291632e+01
-2.555680598195455389e+01
-2.393983494381696175e+01
-2.073979991184846128e+01
-2.096141518263264913e+01
-2.145523799134098297e+01
-2.190275812141427281e+01
-2.159812340454516288e+01
-2.335547963047215703e+01
-2.181655402192310333e+01
-2.120303543756494946e+01
-2.240289298975380561e+01
-2.229600601670790283e+01
-2.238552634873284930e+01
-2.297901712305340993e+01
-2.225458975049385657e+01
-2.400520089925511869e+01
-2.089493658491497285e+01
-2.146556183191364653e+01
-2.159538086017989400e+01
-2.217556376676200358e+01
-2.452993382867076733e+01
-2.186348512794576138e+01
-2.168479387174718553e+01
-2.166096273445009501e+01
-2.159581075508948800e+01
-2.156880443149668380e+01
-2.273827612424932454e+01
-2.269871098144903598e+01
-2.138897112093490449e+01
-2.114553246210097370e+01
-2.104411331808989871e+01
-2.265572104922441454e+01
-2.152136044695591721e+01
-2.212214494818068999e+01
-2.158705254305715115e+01
-2.208626422624697128e+01
-2.188370767088536439e+01
-2.158571057966732454e+01
-2.220672521686306311e+01
-2.374949419231714387e+01
-2.251845769543819742e+01
-2.109914087437685382e+01
-2.137396632805685570e+01
-2.120797026021279308e+01
-2.201494378501719495e+01
-2.174841616016439616e+01
-2.263709111009856656e+01
-2.296359724990712081e+01
-2.130727843513733788e+01
-2.182126064097447937e+01
-2.143059596514509479e+01
-2.161544128344359450e+01
-2.195519634934743536e+01
-2.289850788199411369e+01
-2.319273326536689694e+01
-2.088725279914748967e+01
-2.165907436691769661e+01
-2.100096688917949805e+01
-2.220862234518708433e+01
-2.174628411517872095e+01
-2.253404705612556214e+01
-2.204679219033678805e+01
-2.287332557328922533e+01
-2.355092403168428561e+01
-2.093068622163529824e+01
-2.287056401912056813e+01
-2.055234860989485313e+01
-2.205815682973934955e+01
-2.120529489731169548e+01
-2.216379972968344703e+01
-2.109498998861494101e+01
-2.152346146161435314e+01
-2.216673765127492501e+01
-2.182352766534790689e+01
-2.068948009138794930e+01
-2.140228968824791167e+01
-2.122273179064343651e+01
-2.178466990185005514e+01
-2.204604899679510410e+01
-2.241855269206516965e+01
-2.225206458673154231e+01
-2.203049939157560289e+01
-2.106400486641879155e+01
-2.131956468974473395e+01
-2.130845129200122301e+01
-2.139635907228550948e+01
-2.385424811520070421e+01
-2.233108828832394721e+01
-2.052810072349706161e+01
-2.127091211438715490e+01
-2.132371586661278329e+01
-2.156852734990938458e+01
-2.163573096079676361e+01
-2.168447629642881580e+01
-2.209698313717878548e+01
-2.148563818290796235e+01
-2.523600757622609336e+01
-2.269231511939106483e+01
-2.164812945600014160e+01
-2.127153010253096710e+01
-2.085679099062967623e+01
-2.174880041268431441e+01
-2.115014575117094608e+01
-2.226036149578153811e+01
-2.161040192879182342e+01
-2.173574035502895896e+01
-2.090752007140014257e+01
-2.162600016316363138e+01
-2.143645761159102392e+01
-2.119473401741360874e+01
-2.193732299440119604e+01
-2.169061717854465954e+01
-2.115965728906407506e+01
-2.101351212959861670e+01
-2.205422727256733495e+01
-2.149839275873436151e+01
-2.097422997389330135e+01
-2.132969952554450899e+01
-2.143827005996609714e+01
-2.152119109680257480e+01
-2.188600906734825102e+01
-2.168908298613819952e+01
-2.109034286994041452e+01
-2.101353051475040701e+01
-2.195690055152099518e+01
-2.230373265170997854e+01
-2.178217084277757110e+01
-2.070543807751498022e+01
-2.151129181375749155e+01
-2.116855555854990811e+01
-2.214794327736972335e+01
-2.177739528058530283e+01
-2.095580540937998038e+01
-2.166859023659392136e+01
-2.161656587104792493e+01
-2.231117411589325883e+01
-2.244843694954700908e+01
-2.009721122561301954e+01
-2.124262769755977232e+01
-2.064994444719816613e+01
-2.176042475432490519e+01
-2.106728832635279147e+01
-2.069082848318578982e+01
-2.109155104238667988e+01
-2.195660604941318184e+01
-2.167190332400642561e+01
-2.089733863580666196e+01
-2.071626039930536223e+01
-2.357580771637881512e+01
-2.174575376473764621e+01
-2.127684217120135202e+01
-2.088943339946828814e+01
-2.152172531472445627e+01
-2.211929653666502205e+01
-2.145864721146338638e+01
-2.099943109065037561e+01
-2.079327200955745525e+01
-2.140693183350229489e+01
-2.206345473056250484e+01
-2.293863519804159168e+01
-2.061681842736673076e+01
-2.103980225067779486e+01
-2.206772539571049663e+01
-2.084756377723516962e+01
-2.280493655833963373e+01
-2.064210159584697735e+01
-2.057674161683318204e+01
-2.095585294803384002e+01
-2.133005485987122896e+01
-2.157666961971110808e+01
-2.091770496865785844e+01
-2.158149024097973978e+01
-2.049580952458305205e+01
-2.125883647734990944e+01
-2.155477109701695326e+01
-2.149062866525354210e+01
-2.121227220611530839e+01
-2.259618311521470702e+01
-2.058072782315977278e+01
-2.211728241741899126e+01
-2.088542417335922963e+01
-2.193931613362901700e+01
-2.272871833329561042e+01
-2.039150349344116719e+01
-2.074823170050122201e+01
-2.068159258313165694e+01
-2.102708887388916992e+01
-2.123394495252276570e+01
-2.083426264042744691e+01
-2.096983647165576770e+01
-2.139775819716519223e+01
-2.263674347427804179e+01
-2.252788193017629581e+01
-2.061699063356530814e+01
-2.073849281367418129e+01
-2.115477848753621259e+01
-2.100206331547681771e+01
-2.151664191744835009e+01
-2.194133583016340339e+01
-2.330393656385541234e+01
-2.080307524037856481e+01
-2.048259529048314675e+01
-2.108278022993706813e+01
-2.082903826351439491e+01
-2.112488283896298569e+01
-2.060103001185834870e+01
-2.086857723378632912e+01
-2.244363098988798200e+01
-2.061935252174523470e+01
-2.041349763662661942e+01
-2.113442266991340901e+01
-2.066693739302321831e+01
-2.113489271799224412e+01
-2.183486824913357793e+01
-2.074276198010116090e+01
-2.073175329766792174e+01
-2.117976173457925526e+01
-2.085774751994397036e+01
-2.049964832213434107e+01
-2.090832878835675857e+01
-2.069360882912526023e+01
-2.117913316397938317e+01
-2.050664205829261988e+01
-2.370175507285731342e+01
-2.029487451092729344e+01
-2.082535843951945509e+01
-2.039578574233668107e+01
-2.093272219386301813e+01
-2.102980598110133670e+01
-2.142648133020749057e+01
-2.182160677505955704e+01
-2.073242053465352797e+01
-2.034240790190009562e+01
-2.204754683487346867e+01
-2.110997889542062822e+01
-2.124283158530152704e+01
-2.038762282482151988e+01
-2.238574884666619269e+01
-2.173317222012740046e+01
-2.067063122887124038e+01
-2.053438733643880809e+01
-2.307190228597918846e+01
-2.120160001679630923e+01
-2.061807532612630567e+01
-2.066844064498996758e+01
-2.094559523581545690e+01
-2.157617014491678020e+01
-2.109743567124354868e+01
-2.177681215925991509e+01
-2.097538912966252411e+01
-2.012490900015619033e+01
-2.040923756624126639e+01
-2.035893199081833416e+01
-2.125080329621887287e+01
-2.112153126572962236e+01
-2.228229942095451221e+01
-2.112660737916671749e+01
-1.984996382741782739e+01
-2.023925476540950186e+01
-2.071363648238637012e+01
-2.075351873281655912e+01
-2.121581368735833095e+01
-2.069531411204268423e+01
-2.177857936932306870e+01
-2.268543726956173501e+01
-1.998336809415755511e+01
-2.021519584033985950e+01
-2.023493274862293845e+01
-2.082584866644467425e+01
-2.061970694746195321e+01
-2.101123309842622078e+01
-2.049210647297816479e+01
-2.061631375177743308e+01
-2.086970530695778692e+01
-2.195597706163244567e+01
-2.093150156609331702e+01
-2.149029613613608447e+01
-2.041023825554152538e+01
-2.088427164499107747e+01
-2.156034376761490989e+01
-2.128975532091832079e+01
-2.106231563252979200e+01
-2.187484601559201636e+01
-2.197354697261273060e+01
-2.060498026127316251e+01
-2.054813493326357943e+01
-1.990873671507658216e+01
-2.107650515620855103e+01
-2.015344031226487331e+01
-2.117083962271997422e+01
-2.051580958648958131e+01
-2.118691800262450542e+01
-2.195604621919897070e+01
-2.025308755949988182e+01
-2.094693016591647705e+01
-2.048150859722322892e+01
-2.092829940130269151e+01
-2.120823333113218467e+01
-2.145410627309458462e+01
-2.330068645245441417e+01
-2.012481656071751246e+01
-2.188660618994916618e+01
-1.988045900464865312e+01
-2.039592959737544930e+01
-1.980260447452446471e+01
-1.973516580479342153e+01
-2.080957639055457875e+01
-2.098434261130017475e+01
-2.020751244261325397e+01
-2.219838918171318198e+01
-2.083590401819018467e+01
-1.981767684352903558e+01
-1.995368174575223463e+01
-2.012479285278508101e+01
-2.087515076087812815e+01
-2.027055750160437597e+01
-2.114039841942294018e+01
-2.082790284574846140e+01
-2.106858053863779645e+01
-2.053874988251019573e+01
-2.170202294635102191e+01
-2.114495623040593841e+01
-1.984374705892199131e+01
-2.035748289200397210e+01
-2.129740382731817760e+01
-1.994091346163869360e+01
-2.123504103418806821e+01
-2.029249420788233138e+01
-2.169744765581951995e+01
-1.978504821169982719e+01
-2.049887341044468769e+01
-2.048155817754200925e+01
-2.035295295045794006e+01
-2.082793002898680257e+01
-2.077521258898325840e+01
-2.094923077759529662e+01
-2.300934045164727948e+01
-1.990187750917649012e+01
-1.981376128785553448e+01
-2.018085222184073402e+01
-2.028319150054755937e+01
-2.078994975143480772e+01
-2.069431554138964202e+01
-2.021788928719150036e+01
-2.335501886042700548e+01
-2.089209675370105401e+01
-1.965090532001860879e+01
-2.015290211852827440e+01
-2.021668469766022724e+01
-2.285617620732451627e+01
-1.974475720254815769e+01
-2.197180949845931863e+01
-1.992240861922329032e+01
-2.040468865619682859e+01
-2.025087465626636885e+01
-2.030356771855278453e+01
-2.085748041597650015e+01
-2.093730889002032924e+01
-2.071343534744056925e+01
-2.233967999017948003e+01
-2.031845619879092268e+01
-1.980575491502906615e+01
-2.017845380896292085e+01
-2.078159395469877069e+01
-2.047685177851862903e+01
-2.233574697351147620e+01
-2.108232738493266467e+01
-1.939247450630974967e+01
-2.002407120831172449e+01
-2.032709589069932221e+01
-2.034890370195789089e+01
-2.042203747760781951e+01
-2.101963091649934157e+01
-2.055487185799838201e+01
-2.080418182591025200e+01
-2.137410071451398252e+01
-2.075955012993024340e+01
-2.186274658655847247e+01
-2.051516235719303793e+01
-1.966012525644832465e+01
-1.950277549686125411e+01
-2.056239001184118820e+01
-2.004039815641479549e+01
-1.981153444863754132e+01
-2.037373910539810851e+01
-2.018155784677264464e+01
-2.208232851859779799e+01
-2.032565145290855568e+01
-1.987375020452910590e+01
-1.933122499941864092e+01
-1.974243214770540433e+01
-2.088258841806440103e+01
-2.010146943678767428e+01
-2.315706316021683264e+01
-2.023354638472187261e+01
-2.018942054179798617e+01
-2.014737618768836569e+01
-2.099142065240615906e+01
-2.028998223767198894e+01
-2.008975591153192042e+01
-2.436476672155194123e+01
-2.024645026070080434e+01
-1.957554733981683981e+01
-2.034280006198596169e+01
-2.012741107153063425e+01
-2.017594546022107238e+01
-1.981404759682525807e+01
-2.033187785769069933e+01
-2.094392470265376360e+01
-2.113345309758214441e+01
-1.949859799490268841e+01
-1.997291824757681411e+01
-2.083759564350470583e+01
-1.993741669208039369e+01
-2.103034320050886663e+01
-2.096563103128748651e+01
-1.981540770081273095e+01
-2.021499776977303142e+01
-2.120893584479104277e+01
-2.024110014475058961e+01
-2.019807535874879179e+01
-1.978209552897191870e+01
-2.183686362476262133e+01
-2.034517614977016109e+01
-1.938817634331633144e+01
-2.102390516787986741e+01
-1.977043966116434959e+01
-2.062898264576364937e+01
-1.979711769423830958e+01
-1.999732172319674461e+01
-2.028222950895916910e+01
-2.063434115892935949e+01
-1.984952970550044782e+01
-1.981209463593853215e+01
-2.017752053854026784e+01
-2.065764178617061120e+01
-2.049484111536815334e+01
-1.997362645949898052e+01
-2.108590186794750210e+01
-2.184540941965195415e+01
-1.943521926365016839e+01
-1.999427318162532430e+01
-1.951575753978353944e+01
-2.046058954193523149e+01
-2.209184602939609476e+01
-1.960320748890138631e+01
-1.999955421264195010e+01
-2.032068427311956782e+01
-2.053556653636410800e+01
-1.999506971655875631e+01
-2.040815345146186743e+01
-1.986686080453758052e+01
-1.981395968288902054e+01
-2.191290387502422021e+01
-2.142018943797366504e+01
-2.025231960824241284e+01
-1.945288214440385133e+01
-1.998955904645101000e+01
-2.049576338187626234e+01
-2.025803401933913150e+01
-1.951433480012189747e+01
-1.982985167333123400e+01
-1.969924991858023233e+01
-1.987905831895242059e+01
-2.154445562329967245e+01
-2.090759498654899673e+01
-1.960024876762942725e+01
-1.962620741732666474e+01
-2.000283987212185721e+01
-2.048052676998598187e+01
-1.958554289845472240e+01
-1.958435570592198971e+01
-2.025856567721712764e+01
-1.987325426066781020e+01
-2.079976383804104145e+01
-2.026111694903518057e+01
-2.198893641006016964e+01
-1.936081303360383288e+01
-2.057041892916424430e+01
-1.987391369173536404e+01
-1.938169888658536877e+01
-2.079942143771581797e+01
-1.943249177290094920e+01
-2.052324308974067790e+01
-1.988001110735820731e+01
-2.107056349554303054e+01
-2.052843173492241746e+01
-1.926821738244768412e+01
-1.953230514900272041e+01
-1.974363835794710553e+01
-2.057955323756030808e+01
-2.089539050029603118e+01
-2.094468152930336657e+01
-1.969588546902966542e+01
-1.980252320873830740e+01
-1.993990689714932074e+01
-1.964240936199230347e+01
-2.014223022342244818e+01
-2.014569819145905782e+01
-2.042926278849079935e+01
-2.121630308165878986e+01
-1.980132115569162110e+01
-1.969356370960086977e+01
-2.109823435973580175e+01
-2.161722386947824504e+01
-1.969065103222961355e+01
-1.946423271967360691e+01
-1.933493606276987720e+01
-1.974532744836857745e+01
-2.077847709885287486e+01
-2.000530654520663276e+01
-1.946230025769883198e+01
-1.956691473684622196e+01
-1.980285060302476197e+01
-2.070846397158047125e+01
-1.981954690946799857e+01
-1.996430120195683244e+01
-1.935880783736490329e+01
-1.970344505364395005e+01
-1.964768299862150869e+01
-1.980206599407221546e+01
-1.987881751331505598e+01
-2.076227614136439570e+01
-2.084219743339482278e+01
-1.938467906691376896e+01
-2.018639795466925690e+01
-1.986040495883656476e+01
-1.990481223758087381e+01
-2.029155574447860388e+01
-1.958620078217474259e+01
-1.964962426508363436e+01
-2.030157469241257573e+01
-1.969339456527851695e+01
-1.985766680971648057e+01
-1.955410284127957965e+01
-2.013675009523235815e+01
-2.275948971967924095e+01
-1.916378437818581659e+01
-2.054693033148022963e+01
-1.950759765447605076e+01
-1.956672200730037758e+01
-1.965352282019431129e+01
-2.034322095932320096e+01
-1.925289318147893880e+01
-1.972037594988099940e+01
-1.996173261280555167e+01
-2.023768997487461974e+01
-2.037261649848336731e+01
-2.058328098684488694e+01
-1.945425197923747973e+01
-1.992936648759882701e+01
-1.908597601265078580e+01
-2.017185939089907976e+01
-1.999414910429765868e+01
-1.946987177721139162e+01
-2.017517966713417721e+01
-1.966773869116171269e+01
-1.968128425698908401e+01
-2.053891768411997276e+01
-1.966819685525860706e+01
-1.956228334216251241e+01
-2.057473937856318003e+01
-1.928209165945256487e+01
-1.964960007245984031e+01
-1.942204722592881794e+01
-2.066127707079220244e+01
-1.962182804315018814e+01
-2.030027369382212044e+01
-2.005112683856019018e+01
-1.958094448831110412e+01
-1.959560625412721890e+01
-2.153689542345654573e+01
-2.032136295158133521e+01
-1.919336017269726469e+01
-1.914210610498202669e+01
-1.962228883259614065e+01
-2.005572857469246983e+01
-2.075046435966525138e+01
-2.070730723083731561e+01
-1.896450528939849534e+01
-2.023238137201187570e+01
-1.940170412258815702e+01
-1.955554422061873154e+01
-2.044000368788802646e+01
-1.945773253602964914e+01
-1.972728450330278349e+01
-1.978604555774558449e+01
-2.002270679892949090e+01
-1.994289007063344954e+01
-2.076790735496143725e+01
-1.903816966392872345e+01
-1.970034250824408417e+01
-2.042780742836992403e+01
-1.935236295944851292e+01
-1.961839495538907485e+01
-1.985373820429765246e+01
-1.979393292402974325e+01
-1.940528726840017271e+01
-2.208692182666491632e+01
-1.959052929097549978e+01
-1.930097020186730461e+01
-1.973946584757734257e+01
-2.053164384820155064e+01
-2.114572650857137504e+01
-1.878964331162438484e+01
-1.927622733265653920e+01
-1.916219730902541230e+01
-2.029982107444989481e+01
-1.943860763766420519e+01
-2.024531719848636513e+01
-1.983758607716949740e+01
-1.909410514614654986e+01
-1.941405982260477714e+01
-1.952778751251297962e+01
-1.933167434018380604e+01
-1.993321090473733292e+01
-1.935142605986895603e+01
-2.011677806750997988e+01
-1.992632910410918257e+01
-2.004523228021807313e+01
-2.004449272111786584e+01
-2.010738470689965141e+01
-2.008207755639030978e+01
-2.132334301129183629e+01
-2.046685907185927178e+01
-1.875497732288228292e+01
-1.919521792227853396e+01
-1.894926413827990075e+01
-1.993119193900219699e+01
-1.903515489322370513e+01
-2.056333030707531151e+01
-1.941061985437081816e+01
-1.946080152345972536e+01
-1.940841363057142743e+01
-1.964667468425792762e+01
-2.067271171110460415e+01
-1.925115700985756106e+01
-1.953764550716584480e+01
-1.896037809658650275e+01
-1.939016352207542937e+01
-1.997026794062677268e+01
-1.974176065218651388e+01
-1.941107979596464261e+01
-1.923603863473922004e+01
-1.905019790805388169e+01
-1.911341740323867811e+01
-2.073285739683732487e+01
-1.898602397878240922e+01
-1.936368703933846547e+01
-2.033292804548299770e+01
-2.195956423117153378e+01
-1.910667829275007179e+01
-2.073445053441679065e+01
-1.889398760109378372e+01
-1.910620252510821260e+01
-1.997703035282486539e+01
-1.936982606400410845e+01
-1.959698708177774762e+01
-1.923847968851107382e+01
-2.026861090157316880e+01
-1.934612453756629691e+01
-1.985513196518759216e+01
-1.945288201472191147e+01
-1.992025636342266637e+01
-1.903247101446913447e+01
-2.060245373279167325e+01
-2.217603985023489699e+01
-1.926964353404331476e+01
-1.895503676931390658e+01
-1.904528453110469144e+01
-2.004439005987880051e+01
-1.911507235747206579e+01
-1.967022271558203528e+01
-1.936669661605085224e+01
-1.967344352384740702e+01
-1.961369740704703091e+01
-1.943241252192682467e+01
-1.929998145093384565e+01
-1.903887750401916179e+01
-1.987285083821177878e+01
-1.994108118599694279e+01
-1.953043101568987439e+01
-2.004326028674421067e+01
-1.906471454274126032e+01
-1.928494485429274974e+01
-1.980631753048812982e+01
-2.001723403896201958e+01
-1.939151610919700275e+01
-1.955907394702128244e+01
-1.943303439702950186e+01
-1.922040274186250386e+01
-2.007174286146969777e+01
-2.168425446506983789e+01
-1.937123167845850347e+01
-1.930509240833513473e+01
-1.908691331175957373e+01
-1.952891043080841627e+01
-1.945670316011750955e+01
-1.962907423642275617e+01
-1.973417469438495786e+01
-2.112225872191892506e+01
-1.904696365030000749e+01
-2.073029381885960376e+01
-1.907205886981928344e+01
-2.037512299172190922e+01
-1.984338218573757473e+01
-1.877460757831390126e+01
-1.986244422976672652e+01
-1.889908888842786894e+01
-2.064952240803335570e+01
-1.947912818724354622e+01
-1.882027370749171169e+01
-1.951971720380643660e+01
-1.929243550328427048e+01
-1.954322141963867665e+01
-2.178716438522766907e+01
-2.017498149621288306e+01
-1.924118567006466662e+01
-1.923625219024454225e+01
-1.907749518990016568e+01
-1.957590017013085770e+01
-1.916560962468579632e+01
-1.995935276702306993e+01
-1.979226725454670088e+01
-1.908247678694987215e+01
-1.895881038158312393e+01
-1.937720177308513669e+01
-1.979570054593949990e+01
-1.922454806346904377e+01
-2.087295128776615627e+01
-2.020466942857179760e+01
-1.900820395699853194e+01
-1.931743102765092246e+01
-1.945964038594779666e+01
-1.977477401561181480e+01
-1.898371076208297836e+01
-1.924810000252440290e+01
-1.971909474452423794e+01
-2.016775118075400641e+01
-1.978195483475725425e+01
-1.882303854716773373e+01
-1.934184524734717314e+01
-1.933607949908259371e+01
-1.913871435318601755e+01
-1.988931783232125028e+01
-1.917242446051179172e+01
-1.950138931260883624e+01
-1.992919306459700124e+01
-1.930393688482967818e+01
-1.890200838754860158e+01
-1.928381534943689957e+01
-1.865739352293483577e+01
-1.953132287995706662e+01
-1.893807826889963053e+01
-1.982636716356987705e+01
-2.013965452305906823e+01
-1.879630465179586452e+01
-1.919858496145977966e+01
-1.881896259449215947e+01
-1.911769707622861247e+01
-1.938795595870534783e+01
-1.954454875012796577e+01
-1.996552750041487911e+01
-1.919207401566893267e+01
-1.989577063604184914e+01
-1.877267375109354575e+01
-1.933504190087856145e+01
-1.982016610541192492e+01
-1.942978403179209579e+01
-1.965240107073806541e+01
-2.082317467656837451e+01
-1.886500971454100650e+01
-1.959198357260673262e+01
-1.903492008905441679e+01
-1.972483826813075680e+01
-1.888648877405281468e+01
-2.003951961177130414e+01
-1.998403490303259744e+01
-1.882041575672275968e+01
-1.923232638417407969e+01
-1.924885816554876072e+01
-1.994132982205321980e+01
-1.951178346828884003e+01
-1.903634525251920451e+01
-1.940301255559853644e+01
-1.900530319573817906e+01
-1.848035940211999062e+01
-1.941002326307748760e+01
-1.896630600934567212e+01
-1.983505840777394980e+01
-1.909072253742985481e+01
-2.228633396119355936e+01
-1.854301503437393350e+01
-1.912830594554193908e+01
-1.918637364552899882e+01
-2.044894586847430418e+01
-1.904086556195956348e+01
-1.934346243363991391e+01
-1.872822548295701495e+01
-2.021514452264750972e+01
-1.963768596238598008e+01
-1.870193188628100245e+01
-1.924698313800198690e+01
-1.910752815340735111e+01
-1.969245283732118779e+01
-1.941785274089049196e+01
-1.945041460551027157e+01
-1.950039734041812522e+01
-2.017352878792845772e+01
-2.167852334482380527e+01
-1.873691662948495917e+01
-1.882383933486492467e+01
-1.864128196342276311e+01
-1.899858193363309411e+01
-1.978957591895352408e+01
-1.946693007704653766e+01
-1.898300541165516009e+01
-1.942862677636476221e+01
-1.915262940526202939e+01
-1.942920578050805247e+01
-1.883742798418487041e+01
-1.907786130700543481e+01
-1.882899772642676695e+01
-1.880978410213310426e+01
-1.895017623858125688e+01
-1.925499442697120500e+01
-1.951826306603165762e+01
-1.971028201244017453e+01
-1.884120243136541362e+01
-1.890461469431740582e+01
-2.023773933503203892e+01
-1.853942392953045726e+01
-1.876459377419114460e+01
-1.868560722856648582e+01
-1.910885045928949211e+01
-1.916555956128085114e+01
-1.917975096313674399e+01
-1.984560816237417313e+01
-1.945493956527032253e+01
-1.852587773695838536e+01
-1.872950651761550489e+01
-1.962313689390772709e+01
-1.975191293994065234e+01
-1.918288556195547301e+01
-1.926856075924879619e+01
-1.844450669624402295e+01
-1.910209925246721596e+01
-1.891736823209399887e+01
-1.952276254456351978e+01
-1.936304848002409784e+01
-2.076553306015053835e+01
-1.874534271450306733e+01
-1.855602388463137231e+01
-1.907413261683755223e+01
-1.906443776570390369e+01
-2.000295196326186087e+01
-1.933366196440281826e+01
-2.111208879708685870e+01
-1.932819636785987427e+01
-1.847980651362820836e+01
-1.830943179297219459e+01
-1.880785345804057584e+01
-1.893941444611741431e+01
-1.835248338002701018e+01
-1.939058156788700771e+01
-1.921530325064106748e+01
-2.107265936139346607e+01
-2.011604497703405059e+01
-1.835083383056368334e+01
-1.858831820241867305e+01
-1.905964747559701422e+01
-1.896308949828843282e+01
-1.859822742929390671e+01
-1.926445314064111258e+01
-1.848583953890274856e+01
-1.892864632732219121e+01
-1.995752354322953082e+01
-1.836864692894080520e+01
-1.884161362529435735e+01
-1.915586135603740203e+01
-1.878089503125148596e+01
-1.847359541129645777e+01
-1.867084421738419664e+01
-1.954958537873747915e+01
-1.887919276685017778e+01
-1.926803585970971611e+01
-1.827974726165458463e+01
-1.900574387299251100e+01
-2.056003576177262815e+01
-1.845144099448351938e+01
-1.951994247018765805e+01
-1.924714600088367078e+01
-1.805236491747632854e+01
-1.877003325582177240e+01
-1.825000990207984941e+01
-1.922458953250334446e+01
-1.910709635471307166e+01
-1.940962557705463354e+01
-1.889000537689537396e+01
-1.922254543769613377e+01
-1.871230005468031621e+01
-1.857954797918631229e+01
-1.969381681334735390e+01
-1.903036826768698475e+01
-1.875122688598211340e+01
-1.898223407666193197e+01
-1.911941162514291648e+01
-1.956955447877679433e+01
-1.863172144305982769e+01
-2.062128610635681270e+01
-1.910722801823620998e+01
-1.805440314230870769e+01
-1.824318876112272747e+01
-1.845128309645082609e+01
-1.894492544630011110e+01
-1.861618385358244154e+01
-1.965039935087875378e+01
-1.872256963155569309e+01
-1.900604456157714495e+01
-1.869775798684471368e+01
-2.018556040752115166e+01
-1.896093335573413441e+01
-1.845985772979161155e+01
-1.910471806512874693e+01
-1.840991957014802338e+01
-1.945640053350087584e+01
-1.874067106144429928e+01
-1.974531398937945070e+01
-1.904738499322557388e+01
-1.838050712241760465e+01
-1.947901559349685741e+01
-1.965055892703723472e+01
-1.887070202575696598e+01
-1.936277659966936326e+01
-1.893911449727320573e+01
-1.898864724895536327e+01
-1.902699807109468466e+01
-1.932521875512378529e+01
-1.907900582471849660e+01
-1.798755502926016447e+01
-1.884588349414202924e+01
-1.891651316009482287e+01
-1.936773401958273766e+01
-1.920062837666996103e+01
-1.875921891422499499e+01
-1.882281042662059534e+01
-1.920053765852966521e+01
-1.894119671675493422e+01
-1.968766825632929951e+01
-1.861280984706565178e+01
-2.044440775296518709e+01
-1.911483837900076566e+01
-1.837260039580949567e+01
-1.869245221380830557e+01
-1.833649957874454728e+01
-1.845916513413892801e+01
-1.853811752685096792e+01
-1.969934203749211221e+01
-1.911999792086914240e+01
-1.838967926454322921e+01
-1.905289064857635850e+01
-1.941321497508709015e+01
-1.868949734678870911e+01
-1.991701401617009637e+01
-1.819356544173590962e+01
-1.843642876073488424e+01
-1.861475990729154972e+01
-1.880994890743848558e+01
-2.000358143861532056e+01
-1.873948886301969807e+01
-1.837989902868225656e+01
-1.974901890208256816e+01
-1.854162996071879377e+01
-1.919280095704319677e+01
-1.883676850004306402e+01
-1.900928004982934283e+01
-1.975178500869349918e+01
-1.988487747066938383e+01
-1.830543336973148172e+01
-1.869550898910749837e+01
-1.832478668045527215e+01
-1.840256827048483501e+01
-1.934896060040475874e+01
-1.933348506430903768e+01
-1.902052805213308417e+01
-1.845168118347610076e+01
-1.917115733037819325e+01
-1.875368223065810369e+01
-1.976254440758438236e+01
-1.839371491587160179e+01
-1.847059045175128489e+01
-1.833974939845068164e+01
-1.891115891109656033e+01
-1.991832826432096937e+01
-1.841815245641431531e+01
-1.850786960154015048e+01
-1.870423458957128204e+01
-1.951439041015643383e+01
-1.892059040963202676e+01
-1.942623469461760166e+01
-1.885230742083458111e+01
-1.896075978587535005e+01
-1.845599519743128880e+01
-1.853744662397540210e+01
-1.874234125829822872e+01
-1.940566641137306902e+01
-1.830746916597533414e+01
-1.937670121030940251e+01
-1.862549301943045066e+01
-1.917583627996560125e+01
-1.845493232830485653e+01
-1.995130564200425738e+01
-1.854728591429270423e+01
-1.923157568739015488e+01
-1.894779035250471821e+01
-1.871333237470572186e+01
-1.887377059557501724e+01
-1.890431960496403008e+01
-1.837952367368137274e+01
-2.016850244910082068e+01
-1.842813598842855072e+01
-1.845599710934484250e+01
-1.867559248446369935e+01
-1.888514963103047251e+01
-1.900532924324426531e+01
-2.061107409268685586e+01
-1.894702950634345129e+01
-1.818483752592819513e+01
-1.808948340222640994e+01
-1.861476287824989839e+01
-1.882772152866289872e+01
-2.009444324037369256e+01
-1.912316885796393251e+01
-1.821795082089762374e+01
-1.939186580231074331e+01
-1.852337054604504019e+01
-1.912974352446330073e+01
-1.836851165408782549e+01
-1.986082794953456343e+01
-1.858324205585281064e+01
-2.018838188783603371e+01
-1.920029873707980173e+01
-1.840058784412655157e+01
-1.844503341136848817e+01
-1.873230741160397983e+01
-1.883336548968856761e+01
-1.861406591320069737e+01
-1.851222389902995502e+01
-1.949040984020559719e+01
-1.873003983965127262e+01
-1.966377627394561500e+01
-1.934099175163040485e+01
-1.816374715336576884e+01
-1.838207211971042909e+01
-1.887096420990726386e+01
-1.857959887369353069e+01
-1.915522885895461158e+01
-1.934652887723821379e+01
-1.842947293188490221e+01
-1.838377331771187073e+01
-1.871027688631746955e+01
-1.972365283455071960e+01
-1.919177777344683733e+01
-1.852319551304903200e+01
-1.871551898157013483e+01
-2.052746191748904536e+01
-1.976168196091366625e+01
-1.832680366901833224e+01
-1.841654632243397671e+01
-1.875447800227179584e+01
-1.883966763653735299e+01
-1.897458248684747062e+01
-1.817928600455829269e+01
-1.931564563674223933e+01
-1.863798378163706104e+01
-1.972918039660636325e+01
-1.927627809610627807e+01
-1.896622693349174682e+01
-1.905919284421124615e+01
-1.831058527516212919e+01
-1.894442133605553380e+01
-1.895219063919320135e+01
-1.899454024099606286e+01
-1.853851371960170269e+01
-1.859443342561890589e+01
-1.987642921456990308e+01
-1.912200336418604607e+01
-1.814767073656994967e+01
-1.816920370083655456e+01
-1.859949207605431454e+01
-1.861050725229296177e+01
-1.923749924346522633e+01
-1.922631901452750469e+01
-1.916792349678663143e+01
-1.890805731983711624e+01
-1.988216222608263095e+01
-1.813452388050847119e+01
-1.913669289039477306e+01
-1.900516323746914082e+01
-1.970420516070101868e+01
-1.832735708259554386e+01
-2.088199369555308849e+01
-1.794123478354065071e+01
-1.822751304437480613e+01
-1.805008794530253979e+01
-1.836573064033131786e+01
-1.887876316265043641e+01
-1.931857491343061994e+01
-1.815247325947191825e+01
-1.844324623257414331e+01
-1.902179525800960036e+01
-1.881158328599271812e+01
-1.853629105859734594e+01
-1.961331513384907410e+01
-1.793615389945752980e+01
-1.891131075823793495e+01
-1.880061542483216641e+01
-1.865029606229382253e+01
-1.840399127125478529e+01
-1.995638452843852662e+01
-1.885741904256312651e+01
-1.805793952464916785e+01
-1.844546847844150506e+01
-2.085689591142748611e+01
-1.858385887004541459e+01
-1.818424927391522061e+01
-1.877258663411639716e+01
-1.924083026663739560e+01
-1.846176155811533803e+01
-1.963003839758868097e+01
-1.850555600484589647e+01
-1.821679369966523510e+01
-1.897798010885686182e+01
-1.887452475979499411e+01
-1.873272773104609001e+01
-1.853011026137469486e+01
-1.942743120598008488e+01
-1.874728182658409281e+01
-1.954261751706938455e+01
-1.833454506218172497e+01
-1.895670180138836258e+01
-1.979837423975641286e+01
-1.939196143798063332e+01
-1.846934396300016346e+01
-1.862957724079969068e+01
-1.863843784386780200e+01
-1.919398735155281344e+01
-1.837384725809111785e+01
-1.967036623499966197e+01
-1.878547489510930291e+01
-1.889511450285827365e+01
-1.899406158784139720e+01
-1.836369667766025060e+01
-1.817344014420843479e+01
-1.902819535707930854e+01
-1.847375232030840309e+01
-1.879275312525572161e+01
-1.930853611988675311e+01
-1.921867316119671187e+01
-1.880963451759911464e+01
-1.797509745029750761e+01
-1.899329596231928008e+01
-1.898810316952889465e+01
-1.826396689614160707e+01
-1.861026822572040018e+01
-1.858462675458958913e+01
-2.047556584701469973e+01
-1.891567336062152194e+01
-1.851707241757363676e+01
-1.866592760233780623e+01
-2.055749433228711354e+01
-1.839854528827036972e+01
-1.910566038154579971e+01
-1.863263049977070196e+01
-1.895703145150335800e+01
-1.814843000522979111e+01
-1.948329356585056260e+01
-1.927760734676287058e+01
-1.835127943192920696e+01
-1.852112684663010356e+01
-1.795556407677538502e+01
-1.875383320547351218e+01
-1.845072902470263188e+01
-1.857305319539833732e+01
-1.862133885997972982e+01
-1.845454254734887201e+01
-1.843041583310450093e+01
-1.833419813468307424e+01
-1.995519867688348725e+01
-1.895471116082345375e+01
-1.840128288235486309e+01
-1.852496681272127077e+01
-1.848807990862344042e+01
-1.865623819948490691e+01
-1.821313328244414720e+01
-2.096811274737508413e+01
-1.818887563689949616e+01
-1.921754026423965556e+01
-1.809302283592693783e+01
-1.981208166439159513e+01
-1.829333835238037409e+01
-1.880910087031598721e+01
-1.902324616036286287e+01
-1.974220430331340737e+01
-1.789489380307034239e+01
-1.808219518628612477e+01
-1.894797739235822576e+01
-1.907857266750075453e+01
-1.837842028788889337e+01
-1.860793280793973992e+01
-1.858683652284562982e+01
-1.824016911850619493e+01
-1.940793376544987225e+01
-1.904196110604248204e+01
-1.789407828309697734e+01
-1.869156681709307577e+01
-1.790952783305245788e+01
-1.930538676420695765e+01
-1.825991469625736485e+01
-2.034090875126661402e+01
-1.863476298020184529e+01
-1.899138264731638870e+01
-1.832018378222658583e+01
-1.782517895773042582e+01
-1.812880493775074697e+01
-1.960869064072370449e+01
-1.801926694826996922e+01
-1.861780842842318151e+01
-2.034642499154938733e+01
-1.854145407379517962e+01
-1.840287869360309614e+01
-1.871843352683140793e+01
-1.812483116472494160e+01
-1.891277926901058493e+01
-1.898965467256231321e+01
-1.800925781820462035e+01
-1.963676496386741732e+01
-1.818317609818556235e+01
-1.870480040800054766e+01
-1.918247909337382495e+01
-1.972040936030266067e+01
-1.851757215833657000e+01
-1.864566605267042831e+01
-1.870196625461618822e+01
-1.882560737043110421e+01
-1.926173230084357968e+01
-1.861727688000658176e+01
-1.853195103555284007e+01
-2.002001328525711088e+01
-1.908073734456531412e+01
-1.898362900798055364e+01
-1.789976968006017088e+01
-1.800617193575405750e+01
-1.799361374974851557e+01
-1.807519981545895149e+01
-1.872684828209659713e+01
-1.960993561672620800e+01
-1.979011643570659373e+01
-1.797954074928163593e+01
-1.813510009413973734e+01
-1.811387550547095060e+01
-1.889152475683948040e+01
-1.825513641912141694e+01
-1.932045830595561497e+01
-1.979255143124791871e+01
-1.834034455054715806e+01
-1.840242906656445143e+01
-1.878014060843780442e+01
-1.851953596672462155e+01
-1.847256125285975514e+01
-1.832748533590733686e+01
-1.855603209405919429e+01
-1.848799951266472519e+01
-1.825071607453454448e+01
-1.907063540745491892e+01
-1.845327608498578442e+01
-1.797205771504222582e+01
-1.818049111389995431e+01
-1.865261340422672376e+01
-1.780012839510797917e+01
-1.858175037819783171e+01
-1.967015765525711757e+01
-1.863171334457666362e+01
-1.828598278573734603e+01
-1.863714566813611029e+01
-1.938119189422285515e+01
-1.883477135982509409e+01
-1.965498157736115203e+01
-1.801081525752178436e+01
-1.981337660869252915e+01
-1.795504966798158719e+01
-1.825186430296749762e+01
-1.878875069402999998e+01
-1.789000519551519375e+01
-1.793995880981009350e+01
-1.918899072497454483e+01
-1.836482005119254524e+01
-1.819891474207227589e+01
-1.810255431140938853e+01
-1.942659881872788219e+01
-1.862353568159614881e+01
-2.020587266502655766e+01
-1.994782236317996649e+01
-1.821629889008520564e+01
-1.781168794285736467e+01
-1.910731734907180268e+01
-1.799100996026423616e+01
-1.786912017206862657e+01
-1.834262842983954300e+01
-1.897941990827409242e+01
-1.884472159114656264e+01
-1.837399007373667104e+01
-1.827717458580018572e+01
-1.860615228049351089e+01
-1.933967787624624179e+01
-1.876766229845229006e+01
-1.818307707126383121e+01
-1.834327840662169606e+01
-1.897210748656432955e+01
-1.802547398228126951e+01
-1.910048638904205376e+01
-1.796671125762326326e+01
-1.940332011623058506e+01
-1.843251575918752749e+01
-1.807608983067293451e+01
-2.072424061778530557e+01
-1.824564611701589456e+01
-1.848460701797291961e+01
-1.860646493204128760e+01
-1.852602061252820320e+01
-1.851700171654947624e+01
-1.824169961408192009e+01
-1.831698760013015459e+01
-2.024382276443997242e+01
-1.883588697721786076e+01
-1.899483892612764890e+01
-1.855762212611152151e+01
-1.797157937213023970e+01
-1.865091170993177272e+01
-1.858864099932882752e+01
-1.812729693726216595e+01
-1.871054143470654552e+01
-1.839614929457532355e+01
-1.806230111719665388e+01
-1.890274184759284992e+01
-1.957972159633779086e+01
-1.799776760024746380e+01
-1.814125667990689550e+01
-1.872968106160016433e+01
-1.847290384922322914e+01
-1.955112111314343082e+01
-1.783028693770147299e+01
-1.899233990445146603e+01
-1.836505396581845417e+01
-1.915396580273792537e+01
-1.796135166166304842e+01
-1.978829409814996154e+01
-1.926633748759395814e+01
-1.771467082235342261e+01
-1.917341532328614662e+01
-1.800229832590162360e+01
-1.922282687986347582e+01
-1.853271832571131839e+01
-1.880376437977383475e+01
-1.846451588606650773e+01
-1.868373825911599440e+01
-1.839174179304859891e+01
-1.833937384509538049e+01
-1.889816400362749960e+01
-1.950899635832094603e+01
-1.907515206825284793e+01
-1.818534156882383357e+01
-1.875497907439435963e+01
-1.876467426056787957e+01
-1.900608196084548851e+01
-1.901391238137200190e+01
-1.931535325598328257e+01
-1.785305867669994129e+01
-1.945039260530662162e+01
-1.770534128168869259e+01
-1.891624684579333504e+01
-1.798106748071685246e+01
-1.821388830853578966e+01
-1.861155990856422093e+01
-1.873565554810647527e+01
-2.040702057434483052e+01
-1.835417227077078905e+01
-1.845677557976963001e+01
-1.868570783353620968e+01
-1.836523874258433864e+01
-1.995286311610817620e+01
-1.833713604345992110e+01
-1.828163816165700695e+01
-1.898369404354226120e+01
-1.830394163652741568e+01
