1 83 -1
83 1 -1
1 16 -1
16 1 -1
1 5 -1
5 1 -1
1 96 -1
96 1 -1
2 37 -1
37 2 -1
2 33 -1
33 2 -1
2 30 -1
30 2 -1
2 19 -1
19 2 -1
3 96 -1
96 3 -1
3 15 -1
15 3 -1
3 88 -1
88 3 -1
3 71 -1
71 3 -1
4 13 -1
13 4 -1
4 77 -1
77 4 -1
4 56 -1
56 4 -1
4 6 -1
6 4 -1
5 4 -1
4 5 -1
5 13 -1
13 5 -1
5 29 -1
29 5 -1
5 31 -1
31 5 -1
6 66 -1
66 6 -1
6 79 -1
79 6 -1
6 4 -1
4 6 -1
6 73 -1
73 6 -1
7 27 -1
27 7 -1
7 93 -1
93 7 -1
7 85 -1
85 7 -1
7 91 -1
91 7 -1
8 71 -1
71 8 -1
8 55 -1
55 8 -1
8 30 -1
30 8 -1
8 59 -1
59 8 -1
9 77 -1
77 9 -1
9 37 -1
37 9 -1
9 1 -1
1 9 -1
9 99 -1
99 9 -1
10 22 -1
22 10 -1
10 91 -1
91 10 -1
10 56 -1
56 10 -1
10 45 -1
45 10 -1
11 37 -1
37 11 -1
11 21 -1
21 11 -1
11 29 -1
29 11 -1
11 99 -1
99 11 -1
12 45 -1
45 12 -1
12 15 -1
15 12 -1
12 13 -1
13 12 -1
12 50 -1
50 12 -1
13 14 -1
14 13 -1
13 47 -1
47 13 -1
13 46 -1
46 13 -1
13 79 -1
79 13 -1
14 35 -1
35 14 -1
14 6 -1
6 14 -1
14 95 -1
95 14 -1
14 60 -1
60 14 -1
15 70 -1
70 15 -1
15 17 -1
17 15 -1
15 50 -1
50 15 -1
15 11 -1
11 15 -1
16 72 -1
72 16 -1
16 39 -1
39 16 -1
16 82 -1
82 16 -1
16 81 -1
81 16 -1
17 48 -1
48 17 -1
17 75 -1
75 17 -1
17 26 -1
26 17 -1
17 92 -1
92 17 -1
18 9 -1
9 18 -1
18 6 -1
6 18 -1
18 86 -1
86 18 -1
18 31 -1
31 18 -1
19 100 -1
100 19 -1
19 39 -1
39 19 -1
19 11 -1
11 19 -1
19 31 -1
31 19 -1
20 13 -1
13 20 -1
20 50 -1
50 20 -1
20 37 -1
37 20 -1
20 60 -1
60 20 -1
21 83 -1
83 21 -1
21 48 -1
48 21 -1
21 22 -1
22 21 -1
21 49 -1
49 21 -1
22 47 -1
47 22 -1
22 28 -1
28 22 -1
22 87 -1
87 22 -1
22 36 -1
36 22 -1
23 91 -1
91 23 -1
23 89 -1
89 23 -1
23 84 -1
84 23 -1
23 10 -1
10 23 -1
24 79 -1
79 24 -1
24 83 -1
83 24 -1
24 22 -1
22 24 -1
24 70 -1
70 24 -1
25 95 -1
95 25 -1
25 33 -1
33 25 -1
25 21 -1
21 25 -1
25 61 -1
61 25 -1
26 50 -1
50 26 -1
26 36 -1
36 26 -1
26 83 -1
83 26 -1
26 90 -1
90 26 -1
27 73 -1
73 27 -1
27 30 -1
30 27 -1
27 89 -1
89 27 -1
27 43 -1
43 27 -1
28 100 -1
100 28 -1
28 8 -1
8 28 -1
28 31 -1
31 28 -1
28 5 -1
5 28 -1
29 42 -1
42 29 -1
29 53 -1
53 29 -1
29 36 -1
36 29 -1
29 9 -1
9 29 -1
30 28 -1
28 30 -1
30 74 -1
74 30 -1
30 93 -1
93 30 -1
30 42 -1
42 30 -1
31 28 -1
28 31 -1
31 85 -1
85 31 -1
31 65 -1
65 31 -1
31 52 -1
52 31 -1
32 84 -1
84 32 -1
32 60 -1
60 32 -1
32 19 -1
19 32 -1
32 35 -1
35 32 -1
33 18 -1
18 33 -1
33 32 -1
32 33 -1
33 97 -1
97 33 -1
33 73 -1
73 33 -1
34 70 -1
70 34 -1
34 35 -1
35 34 -1
34 97 -1
97 34 -1
34 76 -1
76 34 -1
35 56 -1
56 35 -1
35 76 -1
76 35 -1
35 53 -1
53 35 -1
35 48 -1
48 35 -1
36 29 -1
29 36 -1
36 18 -1
18 36 -1
36 67 -1
67 36 -1
36 65 -1
65 36 -1
37 12 -1
12 37 -1
37 98 -1
98 37 -1
37 7 -1
7 37 -1
37 15 -1
15 37 -1
38 20 -1
20 38 -1
38 82 -1
82 38 -1
38 21 -1
21 38 -1
38 89 -1
89 38 -1
39 56 -1
56 39 -1
39 78 -1
78 39 -1
39 9 -1
9 39 -1
39 51 -1
51 39 -1
40 50 -1
50 40 -1
40 78 -1
78 40 -1
40 61 -1
61 40 -1
40 69 -1
69 40 -1
41 33 -1
33 41 -1
41 72 -1
72 41 -1
41 2 -1
2 41 -1
41 89 -1
89 41 -1
42 94 -1
94 42 -1
42 15 -1
15 42 -1
42 89 -1
89 42 -1
42 70 -1
70 42 -1
43 98 -1
98 43 -1
43 35 -1
35 43 -1
43 100 -1
100 43 -1
43 84 -1
84 43 -1
44 45 -1
45 44 -1
44 15 -1
15 44 -1
44 38 -1
38 44 -1
44 57 -1
57 44 -1
45 21 -1
21 45 -1
45 60 -1
60 45 -1
45 1 -1
1 45 -1
45 94 -1
94 45 -1
46 94 -1
94 46 -1
46 34 -1
34 46 -1
46 66 -1
66 46 -1
46 99 -1
99 46 -1
47 23 -1
23 47 -1
47 66 -1
66 47 -1
47 14 -1
14 47 -1
47 82 -1
82 47 -1
48 39 -1
39 48 -1
48 83 -1
83 48 -1
48 66 -1
66 48 -1
48 79 -1
79 48 -1
49 26 -1
26 49 -1
49 20 -1
20 49 -1
49 48 -1
48 49 -1
49 99 -1
99 49 -1
50 21 -1
21 50 -1
50 71 -1
71 50 -1
50 69 -1
69 50 -1
50 1 -1
1 50 -1
51 78 -1
78 51 -1
51 42 -1
42 51 -1
51 64 -1
64 51 -1
51 3 -1
3 51 -1
52 15 -1
15 52 -1
52 47 -1
47 52 -1
52 40 -1
40 52 -1
52 31 -1
31 52 -1
53 8 -1
8 53 -1
53 31 -1
31 53 -1
53 74 -1
74 53 -1
53 11 -1
11 53 -1
54 11 -1
11 54 -1
54 95 -1
95 54 -1
54 64 -1
64 54 -1
54 9 -1
9 54 -1
55 99 -1
99 55 -1
55 70 -1
70 55 -1
55 100 -1
100 55 -1
55 17 -1
17 55 -1
56 17 -1
17 56 -1
56 86 -1
86 56 -1
56 62 -1
62 56 -1
56 72 -1
72 56 -1
57 22 -1
22 57 -1
57 34 -1
34 57 -1
57 69 -1
69 57 -1
57 79 -1
79 57 -1
58 55 -1
55 58 -1
58 28 -1
28 58 -1
58 71 -1
71 58 -1
58 98 -1
98 58 -1
59 95 -1
95 59 -1
59 90 -1
90 59 -1
59 26 -1
26 59 -1
59 93 -1
93 59 -1
60 40 -1
40 60 -1
60 52 -1
52 60 -1
60 87 -1
87 60 -1
60 85 -1
85 60 -1
61 48 -1
48 61 -1
61 57 -1
57 61 -1
61 68 -1
68 61 -1
61 58 -1
58 61 -1
62 16 -1
16 62 -1
62 32 -1
32 62 -1
62 29 -1
29 62 -1
62 9 -1
9 62 -1
63 44 -1
44 63 -1
63 3 -1
3 63 -1
63 77 -1
77 63 -1
63 72 -1
72 63 -1
64 30 -1
30 64 -1
64 77 -1
77 64 -1
64 29 -1
29 64 -1
64 1 -1
1 64 -1
65 10 -1
10 65 -1
65 92 -1
92 65 -1
65 82 -1
82 65 -1
65 8 -1
8 65 -1
66 30 -1
30 66 -1
66 9 -1
9 66 -1
66 5 -1
5 66 -1
66 43 -1
43 66 -1
67 10 -1
10 67 -1
67 66 -1
66 67 -1
67 31 -1
31 67 -1
67 36 -1
36 67 -1
68 87 -1
87 68 -1
68 63 -1
63 68 -1
68 28 -1
28 68 -1
68 71 -1
71 68 -1
69 17 -1
17 69 -1
69 94 -1
94 69 -1
69 75 -1
75 69 -1
69 61 -1
61 69 -1
70 32 -1
32 70 -1
70 61 -1
61 70 -1
70 53 -1
53 70 -1
70 25 -1
25 70 -1
71 13 -1
13 71 -1
71 86 -1
86 71 -1
71 56 -1
56 71 -1
71 46 -1
46 71 -1
72 55 -1
55 72 -1
72 53 -1
53 72 -1
72 60 -1
60 72 -1
72 95 -1
95 72 -1
73 7 -1
7 73 -1
73 88 -1
88 73 -1
73 85 -1
85 73 -1
73 84 -1
84 73 -1
74 13 -1
13 74 -1
74 8 -1
8 74 -1
74 52 -1
52 74 -1
74 95 -1
95 74 -1
75 44 -1
44 75 -1
75 14 -1
14 75 -1
75 32 -1
32 75 -1
75 25 -1
25 75 -1
76 25 -1
25 76 -1
76 69 -1
69 76 -1
76 58 -1
58 76 -1
76 18 -1
18 76 -1
77 55 -1
55 77 -1
77 24 -1
24 77 -1
77 36 -1
36 77 -1
77 60 -1
60 77 -1
78 32 -1
32 78 -1
78 10 -1
10 78 -1
78 57 -1
57 78 -1
78 71 -1
71 78 -1
79 13 -1
13 79 -1
79 7 -1
7 79 -1
79 85 -1
85 79 -1
79 70 -1
70 79 -1
80 2 -1
2 80 -1
80 12 -1
12 80 -1
80 98 -1
98 80 -1
80 31 -1
31 80 -1
81 22 -1
22 81 -1
81 53 -1
53 81 -1
81 63 -1
63 81 -1
81 62 -1
62 81 -1
82 28 -1
28 82 -1
82 52 -1
52 82 -1
82 8 -1
8 82 -1
82 22 -1
22 82 -1
83 49 -1
49 83 -1
83 1 -1
1 83 -1
83 50 -1
50 83 -1
83 34 -1
34 83 -1
84 59 -1
59 84 -1
84 37 -1
37 84 -1
84 55 -1
55 84 -1
84 91 -1
91 84 -1
85 95 -1
95 85 -1
85 72 -1
72 85 -1
85 86 -1
86 85 -1
85 93 -1
93 85 -1
86 63 -1
63 86 -1
86 20 -1
20 86 -1
86 25 -1
25 86 -1
86 38 -1
38 86 -1
87 28 -1
28 87 -1
87 8 -1
8 87 -1
87 75 -1
75 87 -1
87 96 -1
96 87 -1
88 70 -1
70 88 -1
88 8 -1
8 88 -1
88 97 -1
97 88 -1
88 41 -1
41 88 -1
89 8 -1
8 89 -1
89 7 -1
7 89 -1
89 75 -1
75 89 -1
89 62 -1
62 89 -1
90 65 -1
65 90 -1
90 68 -1
68 90 -1
90 21 -1
21 90 -1
90 8 -1
8 90 -1
91 66 -1
66 91 -1
91 11 -1
11 91 -1
91 24 -1
24 91 -1
91 9 -1
9 91 -1
92 77 -1
77 92 -1
92 9 -1
9 92 -1
92 87 -1
87 92 -1
92 31 -1
31 92 -1
93 52 -1
52 93 -1
93 16 -1
16 93 -1
93 73 -1
73 93 -1
93 32 -1
32 93 -1
94 75 -1
75 94 -1
94 77 -1
77 94 -1
94 6 -1
6 94 -1
94 80 -1
80 94 -1
95 11 -1
11 95 -1
95 54 -1
54 95 -1
95 85 -1
85 95 -1
95 75 -1
75 95 -1
96 73 -1
73 96 -1
96 67 -1
67 96 -1
96 41 -1
41 96 -1
96 34 -1
34 96 -1
97 27 -1
27 97 -1
97 86 -1
86 97 -1
97 92 -1
92 97 -1
97 41 -1
41 97 -1
98 31 -1
31 98 -1
98 34 -1
34 98 -1
98 51 -1
51 98 -1
98 17 -1
17 98 -1
99 86 -1
86 99 -1
99 83 -1
83 99 -1
99 39 -1
39 99 -1
99 59 -1
59 99 -1
100 41 -1
41 100 -1
100 97 -1
97 100 -1
100 10 -1
10 100 -1
100 2 -1
2 100 -1
