7.607122982749026097e-01
7.557039510294936147e-01
7.646076794657763465e-01
7.712854757929883398e-01
7.540345019476906163e-01
7.840845854201446974e-01
7.545909849749582454e-01
7.668336115748469739e-01
7.685030606566499722e-01
7.657206455203116047e-01
7.551474680022259856e-01
7.568169170840289839e-01
7.657206455203116047e-01
7.668336115748469739e-01
7.518085698386198779e-01
7.690595436839176013e-01
7.612687813021702388e-01
7.662771285475793448e-01
7.746243739565943365e-01
7.623817473567056080e-01
7.573734001112966130e-01
7.495826377295492504e-01
7.501391207568168795e-01
7.651641624930439756e-01
7.668336115748469739e-01
7.657206455203116047e-01
7.579298831385642421e-01
7.746243739565943365e-01
7.384529771841958912e-01
7.612687813021702388e-01
7.707289927657205997e-01
7.551474680022259856e-01
7.712854757929883398e-01
7.495826377295492504e-01
7.796327212020033315e-01
7.584863661658319822e-01
7.623817473567056080e-01
7.334446299387868962e-01
7.601558152476349806e-01
7.629382303839732371e-01
7.451307735114078845e-01
7.623817473567056080e-01
7.395659432387312604e-01
7.646076794657763465e-01
7.534780189204228762e-01
7.618252643294379789e-01
7.506956037840846196e-01
7.323316638842515269e-01
7.623817473567056080e-01
7.562604340567612438e-01
7.518085698386198779e-01
7.640511964385086063e-01
7.629382303839732371e-01
7.529215358931552471e-01
7.557039510294936147e-01
7.662771285475793448e-01
7.662771285475793448e-01
7.723984418475235980e-01
7.685030606566499722e-01
7.679465776293823431e-01
7.796327212020033315e-01
7.701725097384529706e-01
7.735114079020589672e-01
7.718419588202559689e-01
7.490261547022816213e-01
7.612687813021702388e-01
7.584863661658319822e-01
7.523650528658876180e-01
7.651641624930439756e-01
7.518085698386198779e-01
7.746243739565943365e-01
7.545909849749582454e-01
7.735114079020589672e-01
7.740678909293267074e-01
7.801892042292709606e-01
7.762938230383973348e-01
7.701725097384529706e-01
7.751808569838619656e-01
7.634947134112409772e-01
7.913188647746243198e-01
7.746243739565943365e-01
7.607122982749026097e-01
7.723984418475235980e-01
7.774067890929327040e-01
7.723984418475235980e-01
7.668336115748469739e-01
7.824151363383416991e-01
7.746243739565943365e-01
7.801892042292709606e-01
7.890929326655536924e-01
7.673900946021146030e-01
7.874234835837506941e-01
7.896494156928213215e-01
7.729549248747913381e-01
7.757373400111297057e-01
7.679465776293823431e-01
7.824151363383416991e-01
7.924318308291596891e-01
7.952142459654980566e-01
7.918753478018920600e-01
7.863105175292153248e-01
7.807456872565387007e-01
7.963272120200334259e-01
7.963272120200334259e-01
8.057874234835837868e-01
8.069003895381190450e-01
7.896494156928213215e-01
8.013355592654424209e-01
7.963272120200334259e-01
8.124652198107957801e-01
7.924318308291596891e-01
8.052309404563160466e-01
7.857540345019476957e-01
7.846410684474123265e-01
7.929883138564274292e-01
8.091263216471897834e-01
7.996661101836394225e-01
8.035614913745130483e-01
8.035614913745130483e-01
8.091263216471897834e-01
7.991096271563716824e-01
8.030050083472454192e-01
8.096828046744574126e-01
8.041179744017807884e-01
7.985531441291040533e-01
7.929883138564274292e-01
7.935447968836950583e-01
8.057874234835837868e-01
7.996661101836394225e-01
8.146911519198664076e-01
8.052309404563160466e-01
8.169170840289371460e-01
8.119087367835281510e-01
8.119087367835281510e-01
8.258208124652197668e-01
8.158041179744017768e-01
8.063439065108514159e-01
8.213689482470785119e-01
8.080133555926544142e-01
8.308291597106288728e-01
8.141346688925987785e-01
8.141346688925987785e-01
8.280467445742905053e-01
8.386199220923762354e-01
8.213689482470785119e-01
8.286032276015581344e-01
8.258208124652197668e-01
8.269337785197551360e-01
8.291597106288258745e-01
8.313856427378965019e-01
8.530884808013355913e-01
8.391764051196438645e-01
8.452977184195882288e-01
8.358375069560378678e-01
8.458542014468558579e-01
8.402893711741792337e-01
8.503060656649972238e-01
8.391764051196438645e-01
8.414023372287144920e-01
8.619922092376182121e-01
8.503060656649972238e-01
8.514190317195325930e-01
8.330550918196995003e-01
8.386199220923762354e-01
8.469671675013912271e-01
8.252643294379521377e-01
8.430717863105174903e-01
8.447412353923204886e-01
8.564273789649415880e-01
8.564273789649415880e-01
8.375069560378408662e-01
8.425153032832498612e-01
8.597662771285475847e-01
8.514190317195325930e-01
8.553144129104062188e-01
8.408458542014468629e-01
8.664440734557595780e-01
8.419588202559822321e-01
8.603227601558152138e-01
8.475236505286588562e-01
8.380634390651084953e-01
8.480801335559265963e-01
8.603227601558152138e-01
8.452977184195882288e-01
8.586533110740122154e-01
8.414023372287144920e-01
8.625486922648859522e-01
8.569838619922092171e-01
8.708959376739009439e-01
8.491930996104618545e-01
8.452977184195882288e-01
8.586533110740122154e-01
8.653311074012242088e-01
8.486366165831942254e-01
8.447412353923204886e-01
8.597662771285475847e-01
8.436282693377852304e-01
8.714524207011685730e-01
8.580968280467445863e-01
8.603227601558152138e-01
8.753478018920423098e-01
8.597662771285475847e-01
8.447412353923204886e-01
8.647746243739565797e-01
8.647746243739565797e-01
8.681135225375625764e-01
8.580968280467445863e-01
8.402893711741792337e-01
8.542014468558708495e-01
8.547579298831385897e-01
8.764607679465776791e-01
8.720089037284363132e-01
8.714524207011685730e-01
8.553144129104062188e-01
8.747913188647745697e-01
8.686700055648303165e-01
8.697829716193655747e-01
8.547579298831385897e-01
8.647746243739565797e-01
8.514190317195325930e-01
8.675570395102949472e-01
8.530884808013355913e-01
8.514190317195325930e-01
8.642181413466889506e-01
8.569838619922092171e-01
8.647746243739565797e-01
8.530884808013355913e-01
8.792431830829159356e-01
8.775737340011129373e-01
8.786867000556483065e-01
8.825820812465219323e-01
8.775737340011129373e-01
8.781302170283806774e-01
8.686700055648303165e-01
8.681135225375625764e-01
8.631051752921535813e-01
8.720089037284363132e-01
8.675570395102949472e-01
8.736783528102393115e-01
8.736783528102393115e-01
8.708959376739009439e-01
8.809126321647189339e-01
8.864774624373956691e-01
8.714524207011685730e-01
8.670005564830273181e-01
8.747913188647745697e-01
8.797996661101836757e-01
8.781302170283806774e-01
8.764607679465776791e-01
8.792431830829159356e-01
8.775737340011129373e-01
8.803561491374513048e-01
8.759042849193099389e-01
8.764607679465776791e-01
8.914858096828046641e-01
8.814691151919866741e-01
8.925987757373400333e-01
8.853644963828602998e-01
8.820255982192543032e-01
8.842515303283249306e-01
8.825820812465219323e-01
8.820255982192543032e-01
8.881469115191986674e-01
8.775737340011129373e-01
8.931552587646076624e-01
8.976071229827490283e-01
8.809126321647189339e-01
8.909293266555370350e-01
8.825820812465219323e-01
8.842515303283249306e-01
8.931552587646076624e-01
8.892598775737340366e-01
8.842515303283249306e-01
8.887033945464662965e-01
8.887033945464662965e-01
8.870339454646632982e-01
8.959376739009460300e-01
8.792431830829159356e-01
8.820255982192543032e-01
9.020589872008903942e-01
8.987200890372843975e-01
8.842515303283249306e-01
8.920422927100722932e-01
8.814691151919866741e-01
8.742348358375069406e-01
8.809126321647189339e-01
8.892598775737340366e-01
8.909293266555370350e-01
8.814691151919866741e-01
8.892598775737340366e-01
8.942682248191430316e-01
8.970506399554813992e-01
9.009460211463550250e-01
8.914858096828046641e-01
8.786867000556483065e-01
8.887033945464662965e-01
8.814691151919866741e-01
8.914858096828046641e-01
8.964941569282136591e-01
8.870339454646632982e-01
9.020589872008903942e-01
9.059543683917640200e-01
8.937117417918754025e-01
9.109627156371730150e-01
8.953811908736784009e-01
9.009460211463550250e-01
8.914858096828046641e-01
9.031719532554257635e-01
8.875904284919310383e-01
8.848080133555926707e-01
8.992765720645520267e-01
8.998330550918196558e-01
8.903728436282692948e-01
8.942682248191430316e-01
9.015025041736226541e-01
9.037284362826933926e-01
9.048414023372287618e-01
8.981636060100166574e-01
8.831385642737896724e-01
8.987200890372843975e-01
9.053978853644963909e-01
8.992765720645520267e-01
8.953811908736784009e-01
9.076238174735670183e-01
9.020589872008903942e-01
9.098497495826377568e-01
8.959376739009460300e-01
9.098497495826377568e-01
9.092932665553700167e-01
9.092932665553700167e-01
8.970506399554813992e-01
9.048414023372287618e-01
8.931552587646076624e-01
9.003895381190873959e-01
8.931552587646076624e-01
9.031719532554257635e-01
9.009460211463550250e-01
8.987200890372843975e-01
9.003895381190873959e-01
9.187534780189203776e-01
8.976071229827490283e-01
9.059543683917640200e-01
9.126321647189761244e-01
9.154145798553143809e-01
9.148580968280467518e-01
9.042849193099610217e-01
9.115191986644407551e-01
9.104062326099053859e-01
9.098497495826377568e-01
9.070673344462993892e-01
9.059543683917640200e-01
9.120756816917083842e-01
9.143016138007791227e-01
9.065108514190317601e-01
9.176405119643851194e-01
9.131886477462437535e-01
9.126321647189761244e-01
9.120756816917083842e-01
9.131886477462437535e-01
9.037284362826933926e-01
9.059543683917640200e-01
9.065108514190317601e-01
9.148580968280467518e-01
9.120756816917083842e-01
9.115191986644407551e-01
9.053978853644963909e-01
9.065108514190317601e-01
9.059543683917640200e-01
9.131886477462437535e-01
9.104062326099053859e-01
9.081803005008347585e-01
9.154145798553143809e-01
8.959376739009460300e-01
9.120756816917083842e-01
9.115191986644407551e-01
9.165275459098497501e-01
8.976071229827490283e-01
9.131886477462437535e-01
9.098497495826377568e-01
9.115191986644407551e-01
9.165275459098497501e-01
9.148580968280467518e-01
9.031719532554257635e-01
9.137451307735113826e-01
9.087367835281023876e-01
9.104062326099053859e-01
9.081803005008347585e-01
9.109627156371730150e-01
9.181969949916527485e-01
8.987200890372843975e-01
9.159710628825821210e-01
9.165275459098497501e-01
9.176405119643851194e-01
9.076238174735670183e-01
9.154145798553143809e-01
9.137451307735113826e-01
9.193099610461881177e-01
9.098497495826377568e-01
9.131886477462437535e-01
9.159710628825821210e-01
9.209794101279911160e-01
9.243183082915971127e-01
9.187534780189203776e-01
9.254312743461324819e-01
9.154145798553143809e-01
9.081803005008347585e-01
9.181969949916527485e-01
9.098497495826377568e-01
9.148580968280467518e-01
9.226488592097941144e-01
9.226488592097941144e-01
9.126321647189761244e-01
9.187534780189203776e-01
9.165275459098497501e-01
9.126321647189761244e-01
9.265442404006677402e-01
9.232053422370617435e-01
9.193099610461881177e-01
9.154145798553143809e-01
9.198664440734557468e-01
9.181969949916527485e-01
9.131886477462437535e-01
9.215358931552587451e-01
9.282136894824707385e-01
9.243183082915971127e-01
9.104062326099053859e-01
9.204229271007233759e-01
9.159710628825821210e-01
9.293266555370061077e-01
9.154145798553143809e-01
9.220923761825264853e-01
9.237618252643294836e-01
9.298831385642737368e-01
9.237618252643294836e-01
9.259877573734001110e-01
9.248747913188647418e-01
9.276572064552031094e-01
9.254312743461324819e-01
9.321090706733444753e-01
9.248747913188647418e-01
9.232053422370617435e-01
9.204229271007233759e-01
9.243183082915971127e-01
9.254312743461324819e-01
9.232053422370617435e-01
9.276572064552031094e-01
9.254312743461324819e-01
9.115191986644407551e-01
9.248747913188647418e-01
9.092932665553700167e-01
9.293266555370061077e-01
9.209794101279911160e-01
9.126321647189761244e-01
9.243183082915971127e-01
9.271007234279354803e-01
9.232053422370617435e-01
9.143016138007791227e-01
9.265442404006677402e-01
9.159710628825821210e-01
9.343350027824151027e-01
9.326655537006121044e-01
9.237618252643294836e-01
9.332220367278798445e-01
9.332220367278798445e-01
9.154145798553143809e-01
9.170840289371173792e-01
9.354479688369504720e-01
9.360044518642181011e-01
9.215358931552587451e-01
9.131886477462437535e-01
9.265442404006677402e-01
9.332220367278798445e-01
9.321090706733444753e-01
9.237618252643294836e-01
9.098497495826377568e-01
9.209794101279911160e-01
9.126321647189761244e-01
9.220923761825264853e-01
9.259877573734001110e-01
9.315525876460768462e-01
9.259877573734001110e-01
9.265442404006677402e-01
9.243183082915971127e-01
9.226488592097941144e-01
9.237618252643294836e-01
9.287701725097384786e-01
9.248747913188647418e-01
9.259877573734001110e-01
9.237618252643294836e-01
9.226488592097941144e-01
9.265442404006677402e-01
9.204229271007233759e-01
9.181969949916527485e-01
9.226488592097941144e-01
9.215358931552587451e-01
9.332220367278798445e-01
9.321090706733444753e-01
9.337785197551474736e-01
9.265442404006677402e-01
9.181969949916527485e-01
9.215358931552587451e-01
9.226488592097941144e-01
9.131886477462437535e-01
9.226488592097941144e-01
9.226488592097941144e-01
9.176405119643851194e-01
9.198664440734557468e-01
9.259877573734001110e-01
9.209794101279911160e-01
9.360044518642181011e-01
9.298831385642737368e-01
9.176405119643851194e-01
9.237618252643294836e-01
9.309961046188091061e-01
9.181969949916527485e-01
9.226488592097941144e-01
9.237618252643294836e-01
9.220923761825264853e-01
9.282136894824707385e-01
9.181969949916527485e-01
9.226488592097941144e-01
9.104062326099053859e-01
9.248747913188647418e-01
9.365609348914858412e-01
9.181969949916527485e-01
9.265442404006677402e-01
9.282136894824707385e-01
9.360044518642181011e-01
9.282136894824707385e-01
9.382303839732888395e-01
9.220923761825264853e-01
9.271007234279354803e-01
9.220923761825264853e-01
9.165275459098497501e-01
9.282136894824707385e-01
9.159710628825821210e-01
9.176405119643851194e-01
9.337785197551474736e-01
9.287701725097384786e-01
9.343350027824151027e-01
9.165275459098497501e-01
9.298831385642737368e-01
9.204229271007233759e-01
9.298831385642737368e-01
9.287701725097384786e-01
9.271007234279354803e-01
9.248747913188647418e-01
9.226488592097941144e-01
9.287701725097384786e-01
9.287701725097384786e-01
9.254312743461324819e-01
9.276572064552031094e-01
9.321090706733444753e-01
9.371174179187534703e-01
9.371174179187534703e-01
9.237618252643294836e-01
9.354479688369504720e-01
9.287701725097384786e-01
9.209794101279911160e-01
9.343350027824151027e-01
9.365609348914858412e-01
9.282136894824707385e-01
9.198664440734557468e-01
9.232053422370617435e-01
9.215358931552587451e-01
9.309961046188091061e-01
9.243183082915971127e-01
9.243183082915971127e-01
9.220923761825264853e-01
9.309961046188091061e-01
9.309961046188091061e-01
9.326655537006121044e-01
9.343350027824151027e-01
9.326655537006121044e-01
9.198664440734557468e-01
9.337785197551474736e-01
9.287701725097384786e-01
9.276572064552031094e-01
9.354479688369504720e-01
9.348914858096828429e-01
9.309961046188091061e-01
9.321090706733444753e-01
9.243183082915971127e-01
9.287701725097384786e-01
9.304396215915414770e-01
9.348914858096828429e-01
9.326655537006121044e-01
9.348914858096828429e-01
9.154145798553143809e-01
9.309961046188091061e-01
9.354479688369504720e-01
9.348914858096828429e-01
9.226488592097941144e-01
9.321090706733444753e-01
9.209794101279911160e-01
9.265442404006677402e-01
9.298831385642737368e-01
9.276572064552031094e-01
9.371174179187534703e-01
9.348914858096828429e-01
9.382303839732888395e-01
9.371174179187534703e-01
9.298831385642737368e-01
9.371174179187534703e-01
9.304396215915414770e-01
9.354479688369504720e-01
9.315525876460768462e-01
9.354479688369504720e-01
9.404563160823594670e-01
9.243183082915971127e-01
9.293266555370061077e-01
9.293266555370061077e-01
9.410127991096272071e-01
9.287701725097384786e-01
9.265442404006677402e-01
9.209794101279911160e-01
9.304396215915414770e-01
9.348914858096828429e-01
9.254312743461324819e-01
9.332220367278798445e-01
9.315525876460768462e-01
9.198664440734557468e-01
9.254312743461324819e-01
9.321090706733444753e-01
9.271007234279354803e-01
9.259877573734001110e-01
9.348914858096828429e-01
9.276572064552031094e-01
9.321090706733444753e-01
9.371174179187534703e-01
9.354479688369504720e-01
9.348914858096828429e-01
9.337785197551474736e-01
9.271007234279354803e-01
9.348914858096828429e-01
9.348914858096828429e-01
9.298831385642737368e-01
9.321090706733444753e-01
9.343350027824151027e-01
9.348914858096828429e-01
9.276572064552031094e-01
9.365609348914858412e-01
9.371174179187534703e-01
9.398998330550918379e-01
9.365609348914858412e-01
9.271007234279354803e-01
9.332220367278798445e-01
9.254312743461324819e-01
9.387868670005564686e-01
9.259877573734001110e-01
9.382303839732888395e-01
9.265442404006677402e-01
9.382303839732888395e-01
9.337785197551474736e-01
9.254312743461324819e-01
9.220923761825264853e-01
9.354479688369504720e-01
9.343350027824151027e-01
9.348914858096828429e-01
9.387868670005564686e-01
9.354479688369504720e-01
9.354479688369504720e-01
9.326655537006121044e-01
9.343350027824151027e-01
9.293266555370061077e-01
9.287701725097384786e-01
9.321090706733444753e-01
9.365609348914858412e-01
9.321090706733444753e-01
9.365609348914858412e-01
9.348914858096828429e-01
9.393433500278240977e-01
9.332220367278798445e-01
9.387868670005564686e-01
9.326655537006121044e-01
9.371174179187534703e-01
9.287701725097384786e-01
9.337785197551474736e-01
9.337785197551474736e-01
9.365609348914858412e-01
9.365609348914858412e-01
9.365609348914858412e-01
9.360044518642181011e-01
9.293266555370061077e-01
9.348914858096828429e-01
9.321090706733444753e-01
9.304396215915414770e-01
9.326655537006121044e-01
9.293266555370061077e-01
9.304396215915414770e-01
9.226488592097941144e-01
9.309961046188091061e-01
9.315525876460768462e-01
9.226488592097941144e-01
9.326655537006121044e-01
9.321090706733444753e-01
9.326655537006121044e-01
9.337785197551474736e-01
9.348914858096828429e-01
9.321090706733444753e-01
9.343350027824151027e-01
9.287701725097384786e-01
9.304396215915414770e-01
9.332220367278798445e-01
9.365609348914858412e-01
9.326655537006121044e-01
9.371174179187534703e-01
9.354479688369504720e-01
9.365609348914858412e-01
9.376739009460210994e-01
9.337785197551474736e-01
9.387868670005564686e-01
9.321090706733444753e-01
9.343350027824151027e-01
9.337785197551474736e-01
9.326655537006121044e-01
9.371174179187534703e-01
9.387868670005564686e-01
9.410127991096272071e-01
9.332220367278798445e-01
9.371174179187534703e-01
9.387868670005564686e-01
9.343350027824151027e-01
9.304396215915414770e-01
9.387868670005564686e-01
9.343350027824151027e-01
9.382303839732888395e-01
9.371174179187534703e-01
9.326655537006121044e-01
9.348914858096828429e-01
9.337785197551474736e-01
9.326655537006121044e-01
9.354479688369504720e-01
9.376739009460210994e-01
9.282136894824707385e-01
9.398998330550918379e-01
9.348914858096828429e-01
9.365609348914858412e-01
9.371174179187534703e-01
9.365609348914858412e-01
9.348914858096828429e-01
9.365609348914858412e-01
9.371174179187534703e-01
9.360044518642181011e-01
9.415692821368948362e-01
9.432387312186978345e-01
9.382303839732888395e-01
9.421257651641624653e-01
9.393433500278240977e-01
9.415692821368948362e-01
9.354479688369504720e-01
9.371174179187534703e-01
9.360044518642181011e-01
9.398998330550918379e-01
9.393433500278240977e-01
9.398998330550918379e-01
9.398998330550918379e-01
9.354479688369504720e-01
9.343350027824151027e-01
9.376739009460210994e-01
9.387868670005564686e-01
9.398998330550918379e-01
9.354479688369504720e-01
9.298831385642737368e-01
9.315525876460768462e-01
9.376739009460210994e-01
9.315525876460768462e-01
9.354479688369504720e-01
9.348914858096828429e-01
9.360044518642181011e-01
9.321090706733444753e-01
9.365609348914858412e-01
9.332220367278798445e-01
9.348914858096828429e-01
9.326655537006121044e-01
9.371174179187534703e-01
9.348914858096828429e-01
9.376739009460210994e-01
9.337785197551474736e-01
9.365609348914858412e-01
9.360044518642181011e-01
9.354479688369504720e-01
9.365609348914858412e-01
9.371174179187534703e-01
9.337785197551474736e-01
9.354479688369504720e-01
9.371174179187534703e-01
9.343350027824151027e-01
9.371174179187534703e-01
9.365609348914858412e-01
9.365609348914858412e-01
9.360044518642181011e-01
9.343350027824151027e-01
9.387868670005564686e-01
9.360044518642181011e-01
9.393433500278240977e-01
9.371174179187534703e-01
9.387868670005564686e-01
9.410127991096272071e-01
9.387868670005564686e-01
9.382303839732888395e-01
9.343350027824151027e-01
9.382303839732888395e-01
9.393433500278240977e-01
9.315525876460768462e-01
9.393433500278240977e-01
9.421257651641624653e-01
9.393433500278240977e-01
9.404563160823594670e-01
9.410127991096272071e-01
9.415692821368948362e-01
9.382303839732888395e-01
9.376739009460210994e-01
9.376739009460210994e-01
9.365609348914858412e-01
9.382303839732888395e-01
9.365609348914858412e-01
9.354479688369504720e-01
9.376739009460210994e-01
9.371174179187534703e-01
9.376739009460210994e-01
9.410127991096272071e-01
9.398998330550918379e-01
9.398998330550918379e-01
9.321090706733444753e-01
9.376739009460210994e-01
9.360044518642181011e-01
9.376739009460210994e-01
9.332220367278798445e-01
9.382303839732888395e-01
9.348914858096828429e-01
9.337785197551474736e-01
9.332220367278798445e-01
9.360044518642181011e-01
9.371174179187534703e-01
9.321090706733444753e-01
9.332220367278798445e-01
9.332220367278798445e-01
9.298831385642737368e-01
9.393433500278240977e-01
9.348914858096828429e-01
9.365609348914858412e-01
9.387868670005564686e-01
9.332220367278798445e-01
9.348914858096828429e-01
9.348914858096828429e-01
9.354479688369504720e-01
9.371174179187534703e-01
9.315525876460768462e-01
9.387868670005564686e-01
9.304396215915414770e-01
9.371174179187534703e-01
9.343350027824151027e-01
9.343350027824151027e-01
9.393433500278240977e-01
9.360044518642181011e-01
9.376739009460210994e-01
9.326655537006121044e-01
9.387868670005564686e-01
9.332220367278798445e-01
9.276572064552031094e-01
9.354479688369504720e-01
9.410127991096272071e-01
9.382303839732888395e-01
9.410127991096272071e-01
9.393433500278240977e-01
9.376739009460210994e-01
9.354479688369504720e-01
9.360044518642181011e-01
9.337785197551474736e-01
9.354479688369504720e-01
9.398998330550918379e-01
9.437952142459654636e-01
9.410127991096272071e-01
9.415692821368948362e-01
9.421257651641624653e-01
9.410127991096272071e-01
9.387868670005564686e-01
9.371174179187534703e-01
9.376739009460210994e-01
9.354479688369504720e-01
9.337785197551474736e-01
9.371174179187534703e-01
9.398998330550918379e-01
9.415692821368948362e-01
9.354479688369504720e-01
9.354479688369504720e-01
9.315525876460768462e-01
9.437952142459654636e-01
9.382303839732888395e-01
9.398998330550918379e-01
9.348914858096828429e-01
9.293266555370061077e-01
9.332220367278798445e-01
9.332220367278798445e-01
9.348914858096828429e-01
9.365609348914858412e-01
9.376739009460210994e-01
9.376739009460210994e-01
9.382303839732888395e-01
9.371174179187534703e-01
9.382303839732888395e-01
9.354479688369504720e-01
9.404563160823594670e-01
9.376739009460210994e-01
9.371174179187534703e-01
9.382303839732888395e-01
9.348914858096828429e-01
9.365609348914858412e-01
9.415692821368948362e-01
9.321090706733444753e-01
9.354479688369504720e-01
9.415692821368948362e-01
9.376739009460210994e-01
9.398998330550918379e-01
9.398998330550918379e-01
9.410127991096272071e-01
9.410127991096272071e-01
9.354479688369504720e-01
9.393433500278240977e-01
9.421257651641624653e-01
9.365609348914858412e-01
9.398998330550918379e-01
9.298831385642737368e-01
9.410127991096272071e-01
9.387868670005564686e-01
9.387868670005564686e-01
9.315525876460768462e-01
9.387868670005564686e-01
9.382303839732888395e-01
9.415692821368948362e-01
9.410127991096272071e-01
9.404563160823594670e-01
9.426822481914302054e-01
9.365609348914858412e-01
9.404563160823594670e-01
9.432387312186978345e-01
9.404563160823594670e-01
9.376739009460210994e-01
9.443516972732332038e-01
9.398998330550918379e-01
9.382303839732888395e-01
9.382303839732888395e-01
9.426822481914302054e-01
9.348914858096828429e-01
9.404563160823594670e-01
9.354479688369504720e-01
9.332220367278798445e-01
9.437952142459654636e-01
9.410127991096272071e-01
9.437952142459654636e-01
9.421257651641624653e-01
9.393433500278240977e-01
9.426822481914302054e-01
9.410127991096272071e-01
9.393433500278240977e-01
9.410127991096272071e-01
9.426822481914302054e-01
9.437952142459654636e-01
9.404563160823594670e-01
9.421257651641624653e-01
9.360044518642181011e-01
9.421257651641624653e-01
9.348914858096828429e-01
9.382303839732888395e-01
9.360044518642181011e-01
9.376739009460210994e-01
9.421257651641624653e-01
9.360044518642181011e-01
9.421257651641624653e-01
9.410127991096272071e-01
9.393433500278240977e-01
9.415692821368948362e-01
9.443516972732332038e-01
9.404563160823594670e-01
9.382303839732888395e-01
9.410127991096272071e-01
9.421257651641624653e-01
9.365609348914858412e-01
9.398998330550918379e-01
9.360044518642181011e-01
9.365609348914858412e-01
9.371174179187534703e-01
9.398998330550918379e-01
9.393433500278240977e-01
9.382303839732888395e-01
9.410127991096272071e-01
9.410127991096272071e-01
9.387868670005564686e-01
9.410127991096272071e-01
9.376739009460210994e-01
9.398998330550918379e-01
9.387868670005564686e-01
9.387868670005564686e-01
9.398998330550918379e-01
9.354479688369504720e-01
9.382303839732888395e-01
9.376739009460210994e-01
9.343350027824151027e-01
9.354479688369504720e-01
9.387868670005564686e-01
9.321090706733444753e-01
9.354479688369504720e-01
9.315525876460768462e-01
9.348914858096828429e-01
9.371174179187534703e-01
9.321090706733444753e-01
9.387868670005564686e-01
9.360044518642181011e-01
9.326655537006121044e-01
9.371174179187534703e-01
9.360044518642181011e-01
9.365609348914858412e-01
9.354479688369504720e-01
9.348914858096828429e-01
9.376739009460210994e-01
9.393433500278240977e-01
9.371174179187534703e-01
9.371174179187534703e-01
9.371174179187534703e-01
9.404563160823594670e-01
9.371174179187534703e-01
9.371174179187534703e-01
9.360044518642181011e-01
9.348914858096828429e-01
9.360044518642181011e-01
9.393433500278240977e-01
9.387868670005564686e-01
9.354479688369504720e-01
9.365609348914858412e-01
9.365609348914858412e-01
9.348914858096828429e-01
9.387868670005564686e-01
9.365609348914858412e-01
9.387868670005564686e-01
9.371174179187534703e-01
9.387868670005564686e-01
9.348914858096828429e-01
9.354479688369504720e-01
9.348914858096828429e-01
9.393433500278240977e-01
9.393433500278240977e-01
9.410127991096272071e-01
9.432387312186978345e-01
9.376739009460210994e-01
9.382303839732888395e-01
9.354479688369504720e-01
9.393433500278240977e-01
9.393433500278240977e-01
9.404563160823594670e-01
9.415692821368948362e-01
9.354479688369504720e-01
9.382303839732888395e-01
9.382303839732888395e-01
9.382303839732888395e-01
9.410127991096272071e-01
9.421257651641624653e-01
9.421257651641624653e-01
9.387868670005564686e-01
9.404563160823594670e-01
9.437952142459654636e-01
9.376739009460210994e-01
9.382303839732888395e-01
9.365609348914858412e-01
9.393433500278240977e-01
9.404563160823594670e-01
9.354479688369504720e-01
9.376739009460210994e-01
9.354479688369504720e-01
9.343350027824151027e-01
9.365609348914858412e-01
9.410127991096272071e-01
9.387868670005564686e-01
9.387868670005564686e-01
9.371174179187534703e-01
9.410127991096272071e-01
9.376739009460210994e-01
9.371174179187534703e-01
9.360044518642181011e-01
9.354479688369504720e-01
9.360044518642181011e-01
9.365609348914858412e-01
9.387868670005564686e-01
9.404563160823594670e-01
9.371174179187534703e-01
9.398998330550918379e-01
9.393433500278240977e-01
9.404563160823594670e-01
9.360044518642181011e-01
9.387868670005564686e-01
9.348914858096828429e-01
9.376739009460210994e-01
9.376739009460210994e-01
9.393433500278240977e-01
9.387868670005564686e-01
9.365609348914858412e-01
9.382303839732888395e-01
9.348914858096828429e-01
9.360044518642181011e-01
9.354479688369504720e-01
9.360044518642181011e-01
9.382303839732888395e-01
9.371174179187534703e-01
9.360044518642181011e-01
9.337785197551474736e-01
9.354479688369504720e-01
9.354479688369504720e-01
9.354479688369504720e-01
9.315525876460768462e-01
9.354479688369504720e-01
9.332220367278798445e-01
9.343350027824151027e-01
9.309961046188091061e-01
9.371174179187534703e-01
9.315525876460768462e-01
9.321090706733444753e-01
9.326655537006121044e-01
9.354479688369504720e-01
9.337785197551474736e-01
9.337785197551474736e-01
9.326655537006121044e-01
9.315525876460768462e-01
9.309961046188091061e-01
9.315525876460768462e-01
9.309961046188091061e-01
9.309961046188091061e-01
9.343350027824151027e-01
9.343350027824151027e-01
9.354479688369504720e-01
9.371174179187534703e-01
9.354479688369504720e-01
9.354479688369504720e-01
9.337785197551474736e-01
9.332220367278798445e-01
9.365609348914858412e-01
9.337785197551474736e-01
9.332220367278798445e-01
9.326655537006121044e-01
9.315525876460768462e-01
9.332220367278798445e-01
9.332220367278798445e-01
9.332220367278798445e-01
9.343350027824151027e-01
9.376739009460210994e-01
9.337785197551474736e-01
9.332220367278798445e-01
9.326655537006121044e-01
9.371174179187534703e-01
9.365609348914858412e-01
9.393433500278240977e-01
9.382303839732888395e-01
9.321090706733444753e-01
9.371174179187534703e-01
9.365609348914858412e-01
9.365609348914858412e-01
9.376739009460210994e-01
9.376739009460210994e-01
9.348914858096828429e-01
9.348914858096828429e-01
9.348914858096828429e-01
9.332220367278798445e-01
9.415692821368948362e-01
9.360044518642181011e-01
9.354479688369504720e-01
9.354479688369504720e-01
9.343350027824151027e-01
9.343350027824151027e-01
9.376739009460210994e-01
9.348914858096828429e-01
9.376739009460210994e-01
9.354479688369504720e-01
9.354479688369504720e-01
9.343350027824151027e-01
9.315525876460768462e-01
9.321090706733444753e-01
9.343350027824151027e-01
9.326655537006121044e-01
9.365609348914858412e-01
9.343350027824151027e-01
9.365609348914858412e-01
9.365609348914858412e-01
9.315525876460768462e-01
9.332220367278798445e-01
9.382303839732888395e-01
9.348914858096828429e-01
9.382303839732888395e-01
9.348914858096828429e-01
9.371174179187534703e-01
9.360044518642181011e-01
9.354479688369504720e-01
9.376739009460210994e-01
9.371174179187534703e-01
9.415692821368948362e-01
9.365609348914858412e-01
9.371174179187534703e-01
9.398998330550918379e-01
9.387868670005564686e-01
9.393433500278240977e-01
9.398998330550918379e-01
9.415692821368948362e-01
9.410127991096272071e-01
9.393433500278240977e-01
9.437952142459654636e-01
9.376739009460210994e-01
9.432387312186978345e-01
9.376739009460210994e-01
9.426822481914302054e-01
9.426822481914302054e-01
9.410127991096272071e-01
9.360044518642181011e-01
9.460211463550362021e-01
9.398998330550918379e-01
9.415692821368948362e-01
9.404563160823594670e-01
9.404563160823594670e-01
9.404563160823594670e-01
9.382303839732888395e-01
9.426822481914302054e-01
9.432387312186978345e-01
9.421257651641624653e-01
9.404563160823594670e-01
9.393433500278240977e-01
9.382303839732888395e-01
9.421257651641624653e-01
9.449081803005008329e-01
9.426822481914302054e-01
9.454646633277684620e-01
9.398998330550918379e-01
9.432387312186978345e-01
9.410127991096272071e-01
9.387868670005564686e-01
9.415692821368948362e-01
9.415692821368948362e-01
9.421257651641624653e-01
9.410127991096272071e-01
9.415692821368948362e-01
9.404563160823594670e-01
9.421257651641624653e-01
9.387868670005564686e-01
9.426822481914302054e-01
9.415692821368948362e-01
9.393433500278240977e-01
9.460211463550362021e-01
9.443516972732332038e-01
9.426822481914302054e-01
9.387868670005564686e-01
9.421257651641624653e-01
9.415692821368948362e-01
9.443516972732332038e-01
9.460211463550362021e-01
9.393433500278240977e-01
9.426822481914302054e-01
9.404563160823594670e-01
9.421257651641624653e-01
9.454646633277684620e-01
9.398998330550918379e-01
9.437952142459654636e-01
9.415692821368948362e-01
9.426822481914302054e-01
9.449081803005008329e-01
9.426822481914302054e-01
9.410127991096272071e-01
9.460211463550362021e-01
9.476905954368392004e-01
9.454646633277684620e-01
9.460211463550362021e-01
9.443516972732332038e-01
9.460211463550362021e-01
9.471341124095714603e-01
9.443516972732332038e-01
9.454646633277684620e-01
9.454646633277684620e-01
9.437952142459654636e-01
9.504730105731775680e-01
9.415692821368948362e-01
9.437952142459654636e-01
9.426822481914302054e-01
9.449081803005008329e-01
9.449081803005008329e-01
9.393433500278240977e-01
9.432387312186978345e-01
9.382303839732888395e-01
9.432387312186978345e-01
9.454646633277684620e-01
9.432387312186978345e-01
9.376739009460210994e-01
9.404563160823594670e-01
9.415692821368948362e-01
9.454646633277684620e-01
9.443516972732332038e-01
9.404563160823594670e-01
9.410127991096272071e-01
9.432387312186978345e-01
9.415692821368948362e-01
9.443516972732332038e-01
9.393433500278240977e-01
9.465776293823038312e-01
9.421257651641624653e-01
9.443516972732332038e-01
9.443516972732332038e-01
9.421257651641624653e-01
9.437952142459654636e-01
9.404563160823594670e-01
9.432387312186978345e-01
9.454646633277684620e-01
9.415692821368948362e-01
9.454646633277684620e-01
9.426822481914302054e-01
9.437952142459654636e-01
9.437952142459654636e-01
9.437952142459654636e-01
9.410127991096272071e-01
9.437952142459654636e-01
9.454646633277684620e-01
9.437952142459654636e-01
9.454646633277684620e-01
9.421257651641624653e-01
9.437952142459654636e-01
9.421257651641624653e-01
9.410127991096272071e-01
9.454646633277684620e-01
9.398998330550918379e-01
9.398998330550918379e-01
9.437952142459654636e-01
9.449081803005008329e-01
9.449081803005008329e-01
9.415692821368948362e-01
9.432387312186978345e-01
9.432387312186978345e-01
9.398998330550918379e-01
9.460211463550362021e-01
9.393433500278240977e-01
9.471341124095714603e-01
9.443516972732332038e-01
9.437952142459654636e-01
9.415692821368948362e-01
9.449081803005008329e-01
9.437952142459654636e-01
9.454646633277684620e-01
9.449081803005008329e-01
9.454646633277684620e-01
9.432387312186978345e-01
9.460211463550362021e-01
9.449081803005008329e-01
9.426822481914302054e-01
9.449081803005008329e-01
9.421257651641624653e-01
9.460211463550362021e-01
9.415692821368948362e-01
9.437952142459654636e-01
9.426822481914302054e-01
9.454646633277684620e-01
9.449081803005008329e-01
9.454646633277684620e-01
9.454646633277684620e-01
9.387868670005564686e-01
9.443516972732332038e-01
9.460211463550362021e-01
9.454646633277684620e-01
9.437952142459654636e-01
9.476905954368392004e-01
9.449081803005008329e-01
9.421257651641624653e-01
9.393433500278240977e-01
9.382303839732888395e-01
9.449081803005008329e-01
9.426822481914302054e-01
9.415692821368948362e-01
9.426822481914302054e-01
9.421257651641624653e-01
9.415692821368948362e-01
9.421257651641624653e-01
9.426822481914302054e-01
9.415692821368948362e-01
9.426822481914302054e-01
9.454646633277684620e-01
9.393433500278240977e-01
9.393433500278240977e-01
9.454646633277684620e-01
9.398998330550918379e-01
9.421257651641624653e-01
9.415692821368948362e-01
9.426822481914302054e-01
9.449081803005008329e-01
9.410127991096272071e-01
9.449081803005008329e-01
9.398998330550918379e-01
9.404563160823594670e-01
9.454646633277684620e-01
9.426822481914302054e-01
9.415692821368948362e-01
9.410127991096272071e-01
9.449081803005008329e-01
9.437952142459654636e-01
9.432387312186978345e-01
9.432387312186978345e-01
9.410127991096272071e-01
9.410127991096272071e-01
9.465776293823038312e-01
9.404563160823594670e-01
9.426822481914302054e-01
9.449081803005008329e-01
9.426822481914302054e-01
9.415692821368948362e-01
9.432387312186978345e-01
9.432387312186978345e-01
9.465776293823038312e-01
9.454646633277684620e-01
9.454646633277684620e-01
9.460211463550362021e-01
9.465776293823038312e-01
9.421257651641624653e-01
9.432387312186978345e-01
9.437952142459654636e-01
9.432387312186978345e-01
9.437952142459654636e-01
9.437952142459654636e-01
9.465776293823038312e-01
9.432387312186978345e-01
9.415692821368948362e-01
9.410127991096272071e-01
9.449081803005008329e-01
9.465776293823038312e-01
9.471341124095714603e-01
9.404563160823594670e-01
9.454646633277684620e-01
9.437952142459654636e-01
9.421257651641624653e-01
9.482470784641068295e-01
9.465776293823038312e-01
9.432387312186978345e-01
9.454646633277684620e-01
9.460211463550362021e-01
9.454646633277684620e-01
9.510294936004451971e-01
9.488035614913744586e-01
9.449081803005008329e-01
9.482470784641068295e-01
9.476905954368392004e-01
9.449081803005008329e-01
9.493600445186421988e-01
9.476905954368392004e-01
9.454646633277684620e-01
9.488035614913744586e-01
9.443516972732332038e-01
9.443516972732332038e-01
9.471341124095714603e-01
9.465776293823038312e-01
9.454646633277684620e-01
9.482470784641068295e-01
9.465776293823038312e-01
9.421257651641624653e-01
9.482470784641068295e-01
9.454646633277684620e-01
9.471341124095714603e-01
9.426822481914302054e-01
9.476905954368392004e-01
9.465776293823038312e-01
9.460211463550362021e-01
9.443516972732332038e-01
9.454646633277684620e-01
9.476905954368392004e-01
9.476905954368392004e-01
9.488035614913744586e-01
9.499165275459098279e-01
9.493600445186421988e-01
9.471341124095714603e-01
9.499165275459098279e-01
9.488035614913744586e-01
9.504730105731775680e-01
9.476905954368392004e-01
9.482470784641068295e-01
9.493600445186421988e-01
9.465776293823038312e-01
9.410127991096272071e-01
9.454646633277684620e-01
9.493600445186421988e-01
9.482470784641068295e-01
9.488035614913744586e-01
9.499165275459098279e-01
9.471341124095714603e-01
9.460211463550362021e-01
9.410127991096272071e-01
9.488035614913744586e-01
9.432387312186978345e-01
9.488035614913744586e-01
9.454646633277684620e-01
9.449081803005008329e-01
9.454646633277684620e-01
9.476905954368392004e-01
9.437952142459654636e-01
9.454646633277684620e-01
9.465776293823038312e-01
9.443516972732332038e-01
9.465776293823038312e-01
9.476905954368392004e-01
9.449081803005008329e-01
9.443516972732332038e-01
9.426822481914302054e-01
9.432387312186978345e-01
9.421257651641624653e-01
9.449081803005008329e-01
9.393433500278240977e-01
9.410127991096272071e-01
9.454646633277684620e-01
9.437952142459654636e-01
9.415692821368948362e-01
9.415692821368948362e-01
9.415692821368948362e-01
9.398998330550918379e-01
9.421257651641624653e-01
9.437952142459654636e-01
9.437952142459654636e-01
9.443516972732332038e-01
9.454646633277684620e-01
9.449081803005008329e-01
9.443516972732332038e-01
9.421257651641624653e-01
9.460211463550362021e-01
9.465776293823038312e-01
9.421257651641624653e-01
9.426822481914302054e-01
9.449081803005008329e-01
9.443516972732332038e-01
9.454646633277684620e-01
9.426822481914302054e-01
9.465776293823038312e-01
9.465776293823038312e-01
9.460211463550362021e-01
9.443516972732332038e-01
9.432387312186978345e-01
9.426822481914302054e-01
9.432387312186978345e-01
9.460211463550362021e-01
9.432387312186978345e-01
9.421257651641624653e-01
9.482470784641068295e-01
9.426822481914302054e-01
9.437952142459654636e-01
9.437952142459654636e-01
9.393433500278240977e-01
9.460211463550362021e-01
9.443516972732332038e-01
9.404563160823594670e-01
9.443516972732332038e-01
9.465776293823038312e-01
9.426822481914302054e-01
9.426822481914302054e-01
9.437952142459654636e-01
9.421257651641624653e-01
9.437952142459654636e-01
9.432387312186978345e-01
9.421257651641624653e-01
9.443516972732332038e-01
9.410127991096272071e-01
9.465776293823038312e-01
9.398998330550918379e-01
9.449081803005008329e-01
9.410127991096272071e-01
9.421257651641624653e-01
9.460211463550362021e-01
9.410127991096272071e-01
9.432387312186978345e-01
9.421257651641624653e-01
9.449081803005008329e-01
9.426822481914302054e-01
9.410127991096272071e-01
9.382303839732888395e-01
9.432387312186978345e-01
9.449081803005008329e-01
9.449081803005008329e-01
9.449081803005008329e-01
9.426822481914302054e-01
9.465776293823038312e-01
9.449081803005008329e-01
9.415692821368948362e-01
9.421257651641624653e-01
9.454646633277684620e-01
9.426822481914302054e-01
9.449081803005008329e-01
9.437952142459654636e-01
9.460211463550362021e-01
9.465776293823038312e-01
9.454646633277684620e-01
9.443516972732332038e-01
9.460211463550362021e-01
9.426822481914302054e-01
9.454646633277684620e-01
9.437952142459654636e-01
9.437952142459654636e-01
9.454646633277684620e-01
9.471341124095714603e-01
9.432387312186978345e-01
9.465776293823038312e-01
9.482470784641068295e-01
9.465776293823038312e-01
9.404563160823594670e-01
9.471341124095714603e-01
9.437952142459654636e-01
9.460211463550362021e-01
9.437952142459654636e-01
9.432387312186978345e-01
9.398998330550918379e-01
9.426822481914302054e-01
9.382303839732888395e-01
9.421257651641624653e-01
9.365609348914858412e-01
9.415692821368948362e-01
9.415692821368948362e-01
9.426822481914302054e-01
9.454646633277684620e-01
9.426822481914302054e-01
9.432387312186978345e-01
9.410127991096272071e-01
9.365609348914858412e-01
9.398998330550918379e-01
9.371174179187534703e-01
9.387868670005564686e-01
9.426822481914302054e-01
9.365609348914858412e-01
9.410127991096272071e-01
9.398998330550918379e-01
9.398998330550918379e-01
9.426822481914302054e-01
9.387868670005564686e-01
9.410127991096272071e-01
9.371174179187534703e-01
9.398998330550918379e-01
9.415692821368948362e-01
9.426822481914302054e-01
9.443516972732332038e-01
9.404563160823594670e-01
9.426822481914302054e-01
9.398998330550918379e-01
9.437952142459654636e-01
9.371174179187534703e-01
9.404563160823594670e-01
9.382303839732888395e-01
9.432387312186978345e-01
9.410127991096272071e-01
9.387868670005564686e-01
9.393433500278240977e-01
9.404563160823594670e-01
9.432387312186978345e-01
9.410127991096272071e-01
9.454646633277684620e-01
9.443516972732332038e-01
9.437952142459654636e-01
9.460211463550362021e-01
9.426822481914302054e-01
9.449081803005008329e-01
9.460211463550362021e-01
9.437952142459654636e-01
9.443516972732332038e-01
9.426822481914302054e-01
9.398998330550918379e-01
9.454646633277684620e-01
9.437952142459654636e-01
9.437952142459654636e-01
9.449081803005008329e-01
9.432387312186978345e-01
9.437952142459654636e-01
9.454646633277684620e-01
9.437952142459654636e-01
9.393433500278240977e-01
9.426822481914302054e-01
9.398998330550918379e-01
9.482470784641068295e-01
9.415692821368948362e-01
9.454646633277684620e-01
9.432387312186978345e-01
9.404563160823594670e-01
9.432387312186978345e-01
9.410127991096272071e-01
9.426822481914302054e-01
9.404563160823594670e-01
9.398998330550918379e-01
9.404563160823594670e-01
9.449081803005008329e-01
9.371174179187534703e-01
9.404563160823594670e-01
9.410127991096272071e-01
9.382303839732888395e-01
9.387868670005564686e-01
9.426822481914302054e-01
9.376739009460210994e-01
9.398998330550918379e-01
9.437952142459654636e-01
9.432387312186978345e-01
9.426822481914302054e-01
9.421257651641624653e-01
9.393433500278240977e-01
9.415692821368948362e-01
9.437952142459654636e-01
9.398998330550918379e-01
9.404563160823594670e-01
9.404563160823594670e-01
9.393433500278240977e-01
9.398998330550918379e-01
9.387868670005564686e-01
9.404563160823594670e-01
9.387868670005564686e-01
9.393433500278240977e-01
9.360044518642181011e-01
9.432387312186978345e-01
9.360044518642181011e-01
9.415692821368948362e-01
9.404563160823594670e-01
9.443516972732332038e-01
9.454646633277684620e-01
9.415692821368948362e-01
9.404563160823594670e-01
9.449081803005008329e-01
9.410127991096272071e-01
9.404563160823594670e-01
9.410127991096272071e-01
9.398998330550918379e-01
9.437952142459654636e-01
9.426822481914302054e-01
9.437952142459654636e-01
9.437952142459654636e-01
9.432387312186978345e-01
9.398998330550918379e-01
9.449081803005008329e-01
9.410127991096272071e-01
9.410127991096272071e-01
9.404563160823594670e-01
9.426822481914302054e-01
9.426822481914302054e-01
9.376739009460210994e-01
9.421257651641624653e-01
9.415692821368948362e-01
9.376739009460210994e-01
9.376739009460210994e-01
9.398998330550918379e-01
9.415692821368948362e-01
9.393433500278240977e-01
9.432387312186978345e-01
9.415692821368948362e-01
9.371174179187534703e-01
9.421257651641624653e-01
9.443516972732332038e-01
9.387868670005564686e-01
9.404563160823594670e-01
9.471341124095714603e-01
9.432387312186978345e-01
9.449081803005008329e-01
9.382303839732888395e-01
9.421257651641624653e-01
9.404563160823594670e-01
9.393433500278240977e-01
9.387868670005564686e-01
9.410127991096272071e-01
9.437952142459654636e-01
9.387868670005564686e-01
9.387868670005564686e-01
9.382303839732888395e-01
9.382303839732888395e-01
9.421257651641624653e-01
9.426822481914302054e-01
9.398998330550918379e-01
9.426822481914302054e-01
9.382303839732888395e-01
9.387868670005564686e-01
9.410127991096272071e-01
9.410127991096272071e-01
9.376739009460210994e-01
9.449081803005008329e-01
9.465776293823038312e-01
9.421257651641624653e-01
9.426822481914302054e-01
9.404563160823594670e-01
9.387868670005564686e-01
9.387868670005564686e-01
9.404563160823594670e-01
9.360044518642181011e-01
9.393433500278240977e-01
9.354479688369504720e-01
9.393433500278240977e-01
9.343350027824151027e-01
9.376739009460210994e-01
9.398998330550918379e-01
9.410127991096272071e-01
9.376739009460210994e-01
9.371174179187534703e-01
9.371174179187534703e-01
9.432387312186978345e-01
9.382303839732888395e-01
9.404563160823594670e-01
9.415692821368948362e-01
9.410127991096272071e-01
9.437952142459654636e-01
9.415692821368948362e-01
9.387868670005564686e-01
9.365609348914858412e-01
9.426822481914302054e-01
9.387868670005564686e-01
9.443516972732332038e-01
9.398998330550918379e-01
9.387868670005564686e-01
9.404563160823594670e-01
9.443516972732332038e-01
9.432387312186978345e-01
9.426822481914302054e-01
9.410127991096272071e-01
9.376739009460210994e-01
9.426822481914302054e-01
9.404563160823594670e-01
9.421257651641624653e-01
9.410127991096272071e-01
9.404563160823594670e-01
9.393433500278240977e-01
9.382303839732888395e-01
9.360044518642181011e-01
9.404563160823594670e-01
9.398998330550918379e-01
9.437952142459654636e-01
9.415692821368948362e-01
9.415692821368948362e-01
9.443516972732332038e-01
9.426822481914302054e-01
9.437952142459654636e-01
9.432387312186978345e-01
9.426822481914302054e-01
9.443516972732332038e-01
9.471341124095714603e-01
9.449081803005008329e-01
9.432387312186978345e-01
9.404563160823594670e-01
9.421257651641624653e-01
9.426822481914302054e-01
9.449081803005008329e-01
9.426822481914302054e-01
9.432387312186978345e-01
9.426822481914302054e-01
9.415692821368948362e-01
9.354479688369504720e-01
9.437952142459654636e-01
9.398998330550918379e-01
9.404563160823594670e-01
9.387868670005564686e-01
9.343350027824151027e-01
9.376739009460210994e-01
9.415692821368948362e-01
9.393433500278240977e-01
9.398998330550918379e-01
9.393433500278240977e-01
9.410127991096272071e-01
9.415692821368948362e-01
9.426822481914302054e-01
9.432387312186978345e-01
9.415692821368948362e-01
9.415692821368948362e-01
9.387868670005564686e-01
9.382303839732888395e-01
9.382303839732888395e-01
9.437952142459654636e-01
9.415692821368948362e-01
9.426822481914302054e-01
9.426822481914302054e-01
9.426822481914302054e-01
9.404563160823594670e-01
9.404563160823594670e-01
9.415692821368948362e-01
9.387868670005564686e-01
9.443516972732332038e-01
9.387868670005564686e-01
9.371174179187534703e-01
9.410127991096272071e-01
9.432387312186978345e-01
9.404563160823594670e-01
9.387868670005564686e-01
9.421257651641624653e-01
9.404563160823594670e-01
9.437952142459654636e-01
9.415692821368948362e-01
9.410127991096272071e-01
9.404563160823594670e-01
9.432387312186978345e-01
9.449081803005008329e-01
9.421257651641624653e-01
9.426822481914302054e-01
9.443516972732332038e-01
9.421257651641624653e-01
9.454646633277684620e-01
9.449081803005008329e-01
9.426822481914302054e-01
9.404563160823594670e-01
9.449081803005008329e-01
9.432387312186978345e-01
9.443516972732332038e-01
9.410127991096272071e-01
9.443516972732332038e-01
9.421257651641624653e-01
9.426822481914302054e-01
9.426822481914302054e-01
9.410127991096272071e-01
9.398998330550918379e-01
9.437952142459654636e-01
9.393433500278240977e-01
9.421257651641624653e-01
9.415692821368948362e-01
9.454646633277684620e-01
9.437952142459654636e-01
9.449081803005008329e-01
9.421257651641624653e-01
9.454646633277684620e-01
9.421257651641624653e-01
9.432387312186978345e-01
9.437952142459654636e-01
9.443516972732332038e-01
9.432387312186978345e-01
9.410127991096272071e-01
9.404563160823594670e-01
9.371174179187534703e-01
9.421257651641624653e-01
9.421257651641624653e-01
9.432387312186978345e-01
9.476905954368392004e-01
9.376739009460210994e-01
9.437952142459654636e-01
9.426822481914302054e-01
9.404563160823594670e-01
9.432387312186978345e-01
9.426822481914302054e-01
9.421257651641624653e-01
9.426822481914302054e-01
9.476905954368392004e-01
9.488035614913744586e-01
9.443516972732332038e-01
9.426822481914302054e-01
9.432387312186978345e-01
9.360044518642181011e-01
9.410127991096272071e-01
9.432387312186978345e-01
9.443516972732332038e-01
9.437952142459654636e-01
9.426822481914302054e-01
9.465776293823038312e-01
9.460211463550362021e-01
9.421257651641624653e-01
9.449081803005008329e-01
9.437952142459654636e-01
9.410127991096272071e-01
9.437952142459654636e-01
9.437952142459654636e-01
9.432387312186978345e-01
9.443516972732332038e-01
9.460211463550362021e-01
9.398998330550918379e-01
9.443516972732332038e-01
9.449081803005008329e-01
9.398998330550918379e-01
9.415692821368948362e-01
9.432387312186978345e-01
9.437952142459654636e-01
9.410127991096272071e-01
9.437952142459654636e-01
9.404563160823594670e-01
9.432387312186978345e-01
9.443516972732332038e-01
9.432387312186978345e-01
9.432387312186978345e-01
9.437952142459654636e-01
9.449081803005008329e-01
9.443516972732332038e-01
9.410127991096272071e-01
9.454646633277684620e-01
9.482470784641068295e-01
9.449081803005008329e-01
9.449081803005008329e-01
9.426822481914302054e-01
9.421257651641624653e-01
9.398998330550918379e-01
9.421257651641624653e-01
9.426822481914302054e-01
9.432387312186978345e-01
9.410127991096272071e-01
9.443516972732332038e-01
9.421257651641624653e-01
9.415692821368948362e-01
9.415692821368948362e-01
9.437952142459654636e-01
9.437952142459654636e-01
9.421257651641624653e-01
9.404563160823594670e-01
9.398998330550918379e-01
9.398998330550918379e-01
9.398998330550918379e-01
9.404563160823594670e-01
9.421257651641624653e-01
9.432387312186978345e-01
9.376739009460210994e-01
9.371174179187534703e-01
9.398998330550918379e-01
9.393433500278240977e-01
9.415692821368948362e-01
9.398998330550918379e-01
9.404563160823594670e-01
9.398998330550918379e-01
9.387868670005564686e-01
9.421257651641624653e-01
9.393433500278240977e-01
9.415692821368948362e-01
9.415692821368948362e-01
9.404563160823594670e-01
9.410127991096272071e-01
9.415692821368948362e-01
9.382303839732888395e-01
9.398998330550918379e-01
9.360044518642181011e-01
9.371174179187534703e-01
9.382303839732888395e-01
9.393433500278240977e-01
9.404563160823594670e-01
9.437952142459654636e-01
9.410127991096272071e-01
9.387868670005564686e-01
9.426822481914302054e-01
9.382303839732888395e-01
9.393433500278240977e-01
9.376739009460210994e-01
9.371174179187534703e-01
9.387868670005564686e-01
9.426822481914302054e-01
9.410127991096272071e-01
9.398998330550918379e-01
9.382303839732888395e-01
9.421257651641624653e-01
9.393433500278240977e-01
9.432387312186978345e-01
9.393433500278240977e-01
9.437952142459654636e-01
9.465776293823038312e-01
9.443516972732332038e-01
9.421257651641624653e-01
9.415692821368948362e-01
9.426822481914302054e-01
9.421257651641624653e-01
9.437952142459654636e-01
9.393433500278240977e-01
9.421257651641624653e-01
9.421257651641624653e-01
9.432387312186978345e-01
9.398998330550918379e-01
9.371174179187534703e-01
9.365609348914858412e-01
9.421257651641624653e-01
9.371174179187534703e-01
9.404563160823594670e-01
9.404563160823594670e-01
9.365609348914858412e-01
9.410127991096272071e-01
9.376739009460210994e-01
9.354479688369504720e-01
9.343350027824151027e-01
9.415692821368948362e-01
9.421257651641624653e-01
9.404563160823594670e-01
9.410127991096272071e-01
9.382303839732888395e-01
9.426822481914302054e-01
9.348914858096828429e-01
9.404563160823594670e-01
9.360044518642181011e-01
9.432387312186978345e-01
9.387868670005564686e-01
9.398998330550918379e-01
9.387868670005564686e-01
9.376739009460210994e-01
9.398998330550918379e-01
9.371174179187534703e-01
9.410127991096272071e-01
9.348914858096828429e-01
9.387868670005564686e-01
9.348914858096828429e-01
9.382303839732888395e-01
9.398998330550918379e-01
9.404563160823594670e-01
9.393433500278240977e-01
9.404563160823594670e-01
9.393433500278240977e-01
9.382303839732888395e-01
9.410127991096272071e-01
9.404563160823594670e-01
9.421257651641624653e-01
9.426822481914302054e-01
9.382303839732888395e-01
9.354479688369504720e-01
9.421257651641624653e-01
9.415692821368948362e-01
9.410127991096272071e-01
9.371174179187534703e-01
9.432387312186978345e-01
9.393433500278240977e-01
9.493600445186421988e-01
9.415692821368948362e-01
9.426822481914302054e-01
9.432387312186978345e-01
9.398998330550918379e-01
9.426822481914302054e-01
9.415692821368948362e-01
9.376739009460210994e-01
9.365609348914858412e-01
9.393433500278240977e-01
9.387868670005564686e-01
9.371174179187534703e-01
9.382303839732888395e-01
9.387868670005564686e-01
9.382303839732888395e-01
9.398998330550918379e-01
9.393433500278240977e-01
9.421257651641624653e-01
9.404563160823594670e-01
9.426822481914302054e-01
9.415692821368948362e-01
9.404563160823594670e-01
9.426822481914302054e-01
9.410127991096272071e-01
9.460211463550362021e-01
9.426822481914302054e-01
9.426822481914302054e-01
9.437952142459654636e-01
9.454646633277684620e-01
9.393433500278240977e-01
9.393433500278240977e-01
9.393433500278240977e-01
9.454646633277684620e-01
9.398998330550918379e-01
9.398998330550918379e-01
9.449081803005008329e-01
9.421257651641624653e-01
9.421257651641624653e-01
9.404563160823594670e-01
9.421257651641624653e-01
9.432387312186978345e-01
9.387868670005564686e-01
9.415692821368948362e-01
9.415692821368948362e-01
9.382303839732888395e-01
9.410127991096272071e-01
9.398998330550918379e-01
9.398998330550918379e-01
9.393433500278240977e-01
9.398998330550918379e-01
9.404563160823594670e-01
9.382303839732888395e-01
9.360044518642181011e-01
9.415692821368948362e-01
9.371174179187534703e-01
9.404563160823594670e-01
9.398998330550918379e-01
9.365609348914858412e-01
9.426822481914302054e-01
9.426822481914302054e-01
9.387868670005564686e-01
9.410127991096272071e-01
9.410127991096272071e-01
9.421257651641624653e-01
9.387868670005564686e-01
