-3.386634673076204649e+01
-3.172431033089816310e+01
-3.076181780014061218e+01
-3.023580141435471091e+01
-2.998731144584393249e+01
-2.970442421614378858e+01
-2.959218411628291179e+01
-2.944862323345485322e+01
-2.931504840453561300e+01
-2.925004510395280732e+01
-2.908921013270197165e+01
-2.916079219476911177e+01
-2.917949741702239308e+01
-2.922038421090012861e+01
-2.913607418237312174e+01
-2.913517223153121094e+01
-2.907886363892417592e+01
-2.909896795663197366e+01
-2.913944693558704557e+01
-2.914085293098179008e+01
-2.898243043020860554e+01
-2.890287290489632355e+01
-2.892117213879788551e+01
-2.892990586577809964e+01
-2.905463680145587446e+01
-2.894836915217462447e+01
-2.893358219544284893e+01
-2.894518648275352035e+01
-2.883511361147218111e+01
-2.894910471601096447e+01
-2.900599037649510947e+01
-2.897146623369279439e+01
-2.889440448451090049e+01
-2.881049556704773451e+01
-2.886851592422704016e+01
-2.888539222269550422e+01
-2.908249528509870530e+01
-2.888797485123057740e+01
-2.877083946342990473e+01
-2.872981072767341715e+01
-2.872646803624792966e+01
-2.883899753379083819e+01
-2.885579344551173619e+01
-2.877037925262424523e+01
-2.876743693763645382e+01
-2.883515904172155686e+01
-2.894093198148937773e+01
-2.887763776167941998e+01
-2.883153786297826926e+01
-2.873865618663211308e+01
-2.878602835021132123e+01
-2.890527025414463935e+01
-2.887274643579188194e+01
-2.889803794925071401e+01
-2.875763732826108665e+01
-2.881444372729951908e+01
-2.887354738899130524e+01
-2.883978291187425214e+01
-2.873335515472958335e+01
-2.868764300065484107e+01
-2.872645087202302250e+01
-2.861710622868696063e+01
-2.870093051636144565e+01
-2.875592609871557670e+01
-2.871215893575003264e+01
-2.865317280287146673e+01
-2.877415088161443535e+01
-2.886002437731304582e+01
-2.871919010939956962e+01
-2.876474028544356898e+01
-2.868968199165652777e+01
-2.868751158740968776e+01
-2.861672666590757075e+01
-2.864022133814335191e+01
-2.848059461726819919e+01
-2.845763581600355607e+01
-2.862873129721702270e+01
-2.845997963667715425e+01
-2.848693846755048753e+01
-2.863572575473477144e+01
-2.851905393022043711e+01
-2.853572617636808673e+01
-2.846965967122995522e+01
-2.862374765682129762e+01
-2.862299709017215577e+01
-2.879029869942537090e+01
-2.856042097818042791e+01
-2.857681080238094040e+01
-2.852595187511331076e+01
-2.848986143408107452e+01
-2.851266759340637691e+01
-2.846240067141762964e+01
-2.846004265848029036e+01
-2.829352170807667477e+01
-2.834670449017912830e+01
-2.842492745435753676e+01
-2.834226427002640847e+01
-2.840525646015260364e+01
-2.849893273717662012e+01
-2.839130529596391739e+01
-2.838798557146939672e+01
-2.834883083562147377e+01
-2.835384729099586565e+01
-2.834266080573859270e+01
-2.826882534697266181e+01
-2.823793318010617170e+01
-2.818840017744618720e+01
-2.814496498517851109e+01
-2.828085823477101712e+01
-2.805927374026174803e+01
-2.798202241410984570e+01
-2.801610858675377003e+01
-2.808900647147093466e+01
-2.804890343086476179e+01
-2.794202462760400252e+01
-2.801887462259683659e+01
-2.790080433154395934e+01
-2.791949408858703663e+01
-2.798059209144654602e+01
-2.795327388309683414e+01
-2.768682379361951007e+01
-2.781623056104517744e+01
-2.774308896156781046e+01
-2.779033242319653851e+01
-2.770039872447906504e+01
-2.751782255558396173e+01
-2.733164454095276596e+01
-2.750204610800480864e+01
-2.745948652448555904e+01
-2.736826871742945499e+01
-2.729387387421668976e+01
-2.719461542318408576e+01
-2.721939307781330797e+01
-2.728744476890319959e+01
-2.699528910916657054e+01
-2.689136699871168545e+01
-2.694132043980407687e+01
-2.692654301248601101e+01
-2.691263875716138543e+01
-2.678216016616808304e+01
-2.664556433693735116e+01
-2.664292595728048596e+01
-2.668433304288756958e+01
-2.664552299043799621e+01
-2.653932614556459413e+01
-2.642703268704479314e+01
-2.635646580988402476e+01
-2.633654946627339655e+01
-2.638196330984975546e+01
-2.627654916226795478e+01
-2.617807790462302719e+01
-2.608936799442080456e+01
-2.623651133993295304e+01
-2.611112709699899526e+01
-2.603702422722736287e+01
-2.613438735392228907e+01
-2.611277406554490099e+01
-2.614483721949548922e+01
-2.610484254488464373e+01
-2.619995956264072845e+01
-2.608231653003639394e+01
-2.640685291165149806e+01
-2.712582087596349822e+01
-2.646389688141591279e+01
-2.607859763529721064e+01
-2.585299607425859492e+01
-2.610406032215740879e+01
-2.585400844017290467e+01
-2.603928377936774652e+01
-2.610337892291535411e+01
-2.697546090478915559e+01
-2.636292616240942621e+01
-2.638669925454407661e+01
-2.606518223359001496e+01
-2.603351354107944360e+01
-2.585857392093810603e+01
-2.606858252017099886e+01
-2.603307437436890481e+01
-2.603656166133828265e+01
-2.575339938508079740e+01
-2.682295861645243562e+01
-2.651871732534069537e+01
-2.608484169848165735e+01
-2.568255363663223179e+01
-2.588013684339670206e+01
-2.582537510893248722e+01
-2.579777777406192385e+01
-2.587983829868170105e+01
-2.593393665021040562e+01
-2.586084613871924631e+01
-2.678516514347935029e+01
-2.647482483484126448e+01
-2.627432262439000965e+01
-2.549446333756799987e+01
-2.568453996915265947e+01
-2.589357205943144891e+01
-2.580529381811876988e+01
-2.672040918057711778e+01
-2.591691380180624193e+01
-2.656786513081362244e+01
-2.550460450472015950e+01
-2.568286360046399608e+01
-2.585847205193433851e+01
-2.605796176386588314e+01
-2.567434437105904266e+01
-2.592873264288223467e+01
-2.576077881952559423e+01
-2.575212731538297461e+01
-2.578446616729550911e+01
-2.648772315389614462e+01
-2.560604039204576310e+01
-2.548817408728820055e+01
-2.552934545585530657e+01
-2.588949621581380356e+01
-2.593672583127053954e+01
-2.650684720083840062e+01
-2.593178310950985122e+01
-2.558282302600104074e+01
-2.540879213621397881e+01
-2.566428734812316392e+01
-2.574748476055506075e+01
-2.582633767399222791e+01
-2.570231566264855516e+01
-2.560323044821326732e+01
-2.563225659175150994e+01
-2.574604238229830599e+01
-2.557052517962566540e+01
-2.644618384934098643e+01
-2.538277285648850778e+01
-2.584913633186337734e+01
-2.560341632673458889e+01
-2.618276271947423695e+01
-2.572887703752994781e+01
-2.561728879562940264e+01
-2.570440379268737274e+01
-2.546200726926711511e+01
-2.528206484019301925e+01
-2.553045103629361989e+01
-2.556540897849508553e+01
-2.584257239821691599e+01
-2.613194621722549371e+01
-2.581030683858811514e+01
-2.556603794473553748e+01
-2.554118824609843230e+01
-2.531971035291280359e+01
-2.551086684471356136e+01
-2.575264674732166625e+01
-2.598538456731533941e+01
-2.584971645140865348e+01
-2.583425366761268904e+01
-2.586944378908914999e+01
-2.612850914857910922e+01
-2.518190635858604765e+01
-2.508467781986075096e+01
-2.526656424526630573e+01
-2.557538345579660088e+01
-2.563918229675296701e+01
-2.561852917115876238e+01
-2.618976135580760811e+01
-2.620184457407286871e+01
-2.569693930807206783e+01
-2.517176134454083325e+01
-2.552939233622760185e+01
-2.570762029715250563e+01
-2.542320151870242029e+01
-2.483995562728172501e+01
-2.522320663473228919e+01
-2.570281356144952056e+01
-2.548998070898062096e+01
-2.552760630269146702e+01
-2.635288226763365671e+01
-2.702807625745661468e+01
-2.489035983829084131e+01
-2.488387613974780521e+01
-2.505717968479747526e+01
-2.523713196472995435e+01
-2.554982078004482560e+01
-2.589491165491211433e+01
-2.534287172640300412e+01
-2.533092168439344150e+01
-2.494073865951183677e+01
-2.519208795812144075e+01
-2.529542536953259813e+01
-2.542429778586846467e+01
-2.489768228374336800e+01
-2.556341884521268426e+01
-2.579261441322945458e+01
-2.564487336978965359e+01
-2.492555309193656399e+01
-2.493066331719013462e+01
-2.494651391790830530e+01
-2.513271274314912063e+01
-2.534236089271863790e+01
-2.509861834753018073e+01
-2.556981616947635416e+01
-2.577287541737213061e+01
-2.482148883831742836e+01
-2.473263045412760164e+01
-2.472113948997114363e+01
-2.534095055929147833e+01
-2.515207068558454750e+01
-2.586985395093459772e+01
-2.547273561935028496e+01
-2.520317752107431275e+01
-2.449864390683203652e+01
-2.458856674500336226e+01
-2.504383681459707844e+01
-2.542451820483060487e+01
-2.540202650383948324e+01
-2.555204176040930619e+01
-2.479208201481537444e+01
-2.439996998121657157e+01
-2.466872262723092746e+01
-2.512435207803951442e+01
-2.482663298868169122e+01
-2.591219777738251651e+01
-2.592301786723729862e+01
-2.442987045644498423e+01
-2.428949754949204376e+01
-2.464054915405586854e+01
-2.484743990170676753e+01
-2.503116212617830527e+01
-2.526073961657385425e+01
-2.461903757844142149e+01
-2.488876058076227693e+01
-2.492203024290228441e+01
-2.483723242239580742e+01
-2.431324782778009563e+01
-2.438870674283420215e+01
-2.458823078209565693e+01
-2.462930035168369969e+01
-2.495313620056837678e+01
-2.498463647342608951e+01
-2.437150608173066857e+01
-2.436723170060605526e+01
-2.452108699330250019e+01
-2.473350367448278675e+01
-2.426094091236129557e+01
-2.420157852206500948e+01
-2.448221897975835049e+01
-2.523854800024008327e+01
-2.460739852989529197e+01
-2.456330839893444562e+01
-2.400746736380181900e+01
-2.415241104653578219e+01
-2.462794315031496950e+01
-2.457159969295783597e+01
-2.479145851269773004e+01
-2.559186010737992589e+01
-2.430069546734998198e+01
-2.391406146614156469e+01
-2.446052313851173210e+01
-2.433356678775306037e+01
-2.452086892836887699e+01
-2.473750589980896564e+01
-2.527198072562695330e+01
-2.530055035104992811e+01
-2.371539968292739431e+01
-2.385450156797774923e+01
-2.416242692538129333e+01
-2.410581202832049641e+01
-2.430514283325570446e+01
-2.438076800145687173e+01
-2.386644116864761500e+01
-2.411466773370816341e+01
-2.434134608494895247e+01
-2.533377126194778839e+01
-2.463662075641477500e+01
-2.416789788867517430e+01
-2.380177341606793817e+01
-2.389756266628926795e+01
-2.420645634106681854e+01
-2.389232879253410147e+01
-2.514828096517820910e+01
-2.420022298724080301e+01
-2.374393388944302075e+01
-2.367608233516522631e+01
-2.365204446978481911e+01
-2.416447865476627399e+01
-2.440290048533437073e+01
-2.382241558984407703e+01
-2.364844428235567264e+01
-2.414973149083038706e+01
-2.452095175257910498e+01
-2.365192477192994147e+01
-2.351332518444081288e+01
-2.474497333329606263e+01
-2.520641474937887239e+01
-2.435470608596162023e+01
-2.410255555647016124e+01
-2.464401531473924578e+01
-2.483817540215851594e+01
-2.552517845097766269e+01
-2.369812048864750409e+01
-2.336401793311227948e+01
-2.344808267035544347e+01
-2.388820710679698678e+01
-2.418354394312907019e+01
-2.435986471620452321e+01
-2.519073731361984514e+01
-2.529322139037881101e+01
-2.407414703672553813e+01
-2.331018317815364682e+01
-2.341604102714385860e+01
-2.379003544569742701e+01
-2.340257104638818930e+01
-2.474267126232364689e+01
-2.443691449502869162e+01
-2.357933276720829596e+01
-2.320599612881805385e+01
-2.359087027163083050e+01
-2.390009215232744921e+01
-2.434438214812836776e+01
-2.468976693323753224e+01
-2.445649770355469244e+01
-2.527668941329454100e+01
-2.397670646610845324e+01
-2.344692652544776479e+01
-2.314509466417629469e+01
-2.352886479150530263e+01
-2.363727552034016099e+01
-2.374373174265105391e+01
-2.420808866302830253e+01
-2.408166087709641801e+01
-2.449535136892292542e+01
-2.291542238659610931e+01
-2.299092568351547072e+01
-2.367757936492771975e+01
-2.374011851434834242e+01
-2.387381001095213762e+01
-2.436439830433424092e+01
-2.454801219094051490e+01
-2.376952121832112752e+01
-2.329907415903844026e+01
-2.351065373292308536e+01
-2.386375370532329043e+01
-2.484519087135358006e+01
-2.369383859987617313e+01
-2.269566383744593452e+01
-2.291754981615419240e+01
-2.350810923082091008e+01
-2.344538221502724085e+01
-2.345726807336622599e+01
-2.390908818858091678e+01
-2.436712540055430409e+01
-2.508328284493774873e+01
-2.301400040856802320e+01
-2.312309841881239691e+01
-2.302876796376184032e+01
-2.382144177810567243e+01
-2.330147395739445315e+01
-2.374802177015973825e+01
-2.383587969858406908e+01
-2.475194295349658091e+01
-2.438932032254841076e+01
-2.251677270883785198e+01
-2.268773842127950502e+01
-2.347127029514794216e+01
-2.345856870065968991e+01
-2.398356353440264144e+01
-2.480587997181494586e+01
-2.327995908396126978e+01
-2.294679280069605198e+01
-2.293257884690117265e+01
-2.345402193941234259e+01
-2.327016846979021025e+01
-2.485097660481921977e+01
-2.234302571360319334e+01
-2.317171796950036011e+01
-2.282853395251757078e+01
-2.354554095754556187e+01
-2.400903027975824600e+01
-2.418248849366248621e+01
-2.494325729131080038e+01
-2.356841569773858325e+01
-2.270267165460094461e+01
-2.283180264682208005e+01
-2.310385137476975004e+01
-2.311303028630321776e+01
-2.334709735651580687e+01
-2.378229852626847673e+01
-2.515133355070776844e+01
-2.486366387404416756e+01
-2.302064063429248009e+01
-2.367449957617896317e+01
-2.288337203176087442e+01
-2.413108204240914390e+01
-2.412790332333998577e+01
-2.271740930930670288e+01
-2.341993770230488181e+01
-2.312454512622112190e+01
-2.423691105315241145e+01
-2.436534031682029067e+01
-2.301653955814864005e+01
-2.250394772447425140e+01
-2.278362008367401259e+01
-2.291971229444724756e+01
-2.296374868197164076e+01
-2.325167047589728142e+01
-2.402678289448362747e+01
-2.421453902418146598e+01
-2.251899888956261719e+01
-2.353299156544282056e+01
-2.344650183960416712e+01
-2.351144240729943036e+01
-2.286040482289846310e+01
-2.385403079900330070e+01
-2.225218644010605473e+01
-2.270742123826419601e+01
-2.343846464250628614e+01
-2.344191792122651208e+01
-2.274645605752415989e+01
-2.326628978914047607e+01
-2.296331030156679986e+01
-2.366414804555050111e+01
-2.569072315129749740e+01
-2.251830697665119629e+01
-2.216892887523998823e+01
-2.263942864673227717e+01
-2.261534335926247863e+01
-2.366445677465756248e+01
-2.300081245452344447e+01
-2.289015162386084512e+01
-2.348668079086692728e+01
-2.359114264146476003e+01
-2.312529810204707914e+01
-2.389363312958755614e+01
-2.244126700671796115e+01
-2.280846188661658402e+01
-2.255704638572848708e+01
-2.271081729959978901e+01
-2.344241176521900272e+01
-2.256900231293005987e+01
-2.299626032343789461e+01
-2.265733508433200427e+01
-2.335224414170091833e+01
-2.402236174411451941e+01
-2.315424419002964029e+01
-2.236736021111057937e+01
-2.244553609346250056e+01
-2.318870592296825350e+01
-2.365328840157530266e+01
-2.320817291959838258e+01
-2.352167779456938845e+01
-2.322313799406597212e+01
-2.455190613508939990e+01
-2.307404998506054739e+01
-2.218325785863234145e+01
-2.272016697033649635e+01
-2.232562767188711916e+01
-2.392477041365366830e+01
-2.243080722451023590e+01
-2.419996839430012159e+01
-2.182080069683582124e+01
-2.201525903825315567e+01
-2.272913945295381311e+01
-2.234890773159630584e+01
-2.256599086635977258e+01
-2.330997161048341937e+01
-2.374171085481940935e+01
-2.642685947862961271e+01
-2.262987555352537683e+01
-2.217277067953428471e+01
-2.232993879818317140e+01
-2.300740750660868272e+01
-2.398436627340459282e+01
-2.197363746940406415e+01
-2.243153386333016996e+01
-2.277557733491599379e+01
-2.234233420679710136e+01
-2.562567538475754603e+01
-2.292835206766929801e+01
-2.214892141796906344e+01
-2.233765217400620529e+01
-2.269568132022679308e+01
-2.330740536200114477e+01
-2.410381573222953477e+01
-2.189339026527876086e+01
-2.230642523849328285e+01
-2.202897226923246166e+01
-2.271155969479154990e+01
-2.315218490586907407e+01
-2.239225341454123708e+01
-2.545211699844949749e+01
-2.420304685159834079e+01
-2.192909718510716033e+01
-2.179498615067085510e+01
-2.206230103454282698e+01
-2.260808341051963311e+01
-2.296107983865300994e+01
-2.326850113713725321e+01
-2.229417063889480843e+01
-2.227706108900559556e+01
-2.300011003629026263e+01
-2.342853629692557860e+01
-2.409700369059839886e+01
-2.192381813101347277e+01
-2.259349591971450621e+01
-2.218517347535482642e+01
-2.292344013954175708e+01
-2.218777899702669387e+01
-2.285030932015527227e+01
-2.223898349426591636e+01
-2.265291419690536756e+01
-2.327460204858525472e+01
-2.210346137518899212e+01
-2.229045422182917591e+01
-2.242887280814355222e+01
-2.303228116914930723e+01
-2.355901304842080890e+01
-2.221127655461334172e+01
-2.220927022471199663e+01
-2.247681309705934893e+01
-2.297359024919543558e+01
-2.254384788577985788e+01
-2.338783348121941685e+01
-2.183002206696096792e+01
-2.203899816158044800e+01
-2.239134064758582099e+01
-2.200972430896968035e+01
-2.325562277739950900e+01
-2.167772022805764109e+01
-2.225617757250962825e+01
-2.384413539491220746e+01
-2.217309995516474785e+01
-2.148761540061376607e+01
-2.307858654664300246e+01
-2.246507299301920924e+01
-2.326802048675441625e+01
-2.269789258019320854e+01
-2.282303831035855524e+01
-2.494867666003954199e+01
-2.183032304126128054e+01
-2.190250370623817844e+01
-2.193040962038126906e+01
-2.215023746970234342e+01
-2.242270899311559518e+01
-2.211365310963408604e+01
-2.221277517487145303e+01
-2.328355467333372530e+01
-2.190092346362707687e+01
-2.223228268967445587e+01
-2.312854342398894403e+01
-2.294330909871857926e+01
-2.313507348249159890e+01
-2.228547778935064727e+01
-2.408493606194300440e+01
-2.332106258249637776e+01
-2.153610116539209329e+01
-2.167008891530037928e+01
-2.151147271178466980e+01
-2.231620410398476650e+01
-2.282397565206971990e+01
-2.264489895055215740e+01
-2.270032345859548428e+01
-2.239071806973084122e+01
-2.216305720158580783e+01
-2.551851642628193773e+01
-2.289218268605623408e+01
-2.112520768627503642e+01
-2.192456100087706616e+01
-2.143025614809648260e+01
-2.249649217113435995e+01
-2.190956507228243311e+01
-2.229603867404722806e+01
-2.180712472428922410e+01
-2.251228314832816935e+01
-2.297704591391205042e+01
-2.405005051755594181e+01
-2.147905655393754998e+01
-2.224543886503903423e+01
-2.145724501311510579e+01
-2.216415168256297719e+01
-2.216169190653327448e+01
-2.334485577621176944e+01
-2.154382179289978083e+01
-2.208446047759920816e+01
-2.164381156142371765e+01
-2.203922741686342235e+01
-2.326203386222567460e+01
-2.336950244127358900e+01
-2.242161506686966987e+01
-2.281977663586793881e+01
-2.236700587271640472e+01
-2.392355061527320004e+01
-2.158366151218721640e+01
-2.301186291597823086e+01
-2.226366805564461515e+01
-2.422896634031269869e+01
-2.171949989789986546e+01
-2.236237693409504601e+01
-2.212769762286403719e+01
-2.323597744465131143e+01
-2.187852800469504189e+01
-2.525620926077032635e+01
-2.295025643521937653e+01
-2.139421282553883685e+01
-2.230225482679995963e+01
-2.239315029522206757e+01
-2.249259318798210217e+01
-2.210316199952999128e+01
-2.209053641651170707e+01
-2.270809254090274365e+01
-2.352430722454409917e+01
-2.238722258315350899e+01
-2.175588172484290794e+01
-2.160625877698364050e+01
-2.177972575250622000e+01
-2.217230731605114613e+01
-2.176143883904552823e+01
-2.233670557557993774e+01
-2.328722012331045121e+01
-2.210118493242936211e+01
-2.167325352764382984e+01
-2.201009532937601065e+01
-2.264167780675190755e+01
-2.489757421165324303e+01
-2.092843281179693804e+01
-2.184580640876691859e+01
-2.230973543971624551e+01
-2.193777008981600218e+01
-2.144221737099087122e+01
-2.218403146581048802e+01
-2.293419181977520793e+01
-2.145666007230272143e+01
-2.227568459650817445e+01
-2.140408158551020890e+01
-2.289903209764073111e+01
-2.267451424457571463e+01
-2.193145224682454852e+01
-2.168539828749987919e+01
-2.335740338436996311e+01
-2.191538515712213808e+01
-2.173129988306244798e+01
-2.185008441775891086e+01
-2.193440847448075814e+01
-2.192643488329443713e+01
-2.180760250535887934e+01
-2.224349573488256837e+01
-2.246637896493652420e+01
-2.210610654996126456e+01
-2.189098093891198005e+01
-2.149385218852085799e+01
-2.337876611781548064e+01
-2.143317913087740934e+01
-2.192305201741604748e+01
-2.226330343149207636e+01
-2.242513760398426825e+01
-2.238442641548848755e+01
-2.172885867176578856e+01
-2.592927849423172404e+01
-2.342901937699713955e+01
-2.107221207332778334e+01
-2.153443348885676656e+01
-2.211958851901288625e+01
-2.169232882866513989e+01
-2.330504995419346059e+01
-2.159145624313985579e+01
-2.184095764558266595e+01
-2.154214185087271005e+01
-2.230722028876202145e+01
-2.203589645060379709e+01
-2.484486820152926612e+01
-2.149186520057566696e+01
-2.185604463678273746e+01
-2.104767400455815007e+01
-2.153096806578567879e+01
-2.270741788678398265e+01
-2.222178398196575344e+01
-2.072347063434997594e+01
-2.182677653216019209e+01
-2.165804984300314118e+01
-2.350307246166838127e+01
-2.289331090315325312e+01
-2.112916802789747450e+01
-2.138380839057944982e+01
-2.260183829738455330e+01
-2.264800625842323001e+01
-2.210178314057624860e+01
-2.153342426100076068e+01
-2.195344290830417222e+01
-2.318239659030681210e+01
-2.226700655107338278e+01
-2.169770523115374417e+01
-2.126292515014830187e+01
-2.272309511018627504e+01
-2.182684626429615804e+01
-2.332506882494300626e+01
-2.200726073517425974e+01
-2.118141830130339898e+01
-2.114874047677050584e+01
-2.156639587443489248e+01
-2.186091954866032339e+01
-2.108414169038076835e+01
-2.194214931379767819e+01
-2.126716922423598177e+01
-2.151201859461010457e+01
-2.171175473126811184e+01
-2.097653542038251118e+01
-2.162608743413892398e+01
-2.170402295304152318e+01
-2.233380878830765681e+01
-2.138545651039297013e+01
-2.138197698453419449e+01
-2.162740790239159594e+01
-2.244366010500408848e+01
-2.211271442977234614e+01
-2.195761432263584823e+01
-2.185130131214013716e+01
-2.172690870004299413e+01
-2.314621959383931937e+01
-2.051383845276268758e+01
-2.133771121993628483e+01
-2.113460404620024136e+01
-2.235358265407795386e+01
-2.158057420124588077e+01
-2.193406750988359022e+01
-2.261116584005007013e+01
-2.234439402944711617e+01
-2.102102319687699961e+01
-2.098038838734317224e+01
-2.138631636875873099e+01
-2.220491892782890275e+01
-2.175578291341183146e+01
-2.488133288176512892e+01
-2.082841270877413820e+01
-2.154914525189143149e+01
-2.086745479646620893e+01
-2.233316644645300997e+01
-2.130967651900134641e+01
-2.327539547560312627e+01
-2.310719769441780613e+01
-2.081271632912874026e+01
-2.181285585468751975e+01
-2.106432897358105905e+01
-2.233924770021883788e+01
-2.182235390073339332e+01
-2.194829379694031246e+01
-2.112745687695887753e+01
-2.401685458033636067e+01
-2.192776513307402553e+01
-2.046929991785838965e+01
-2.116323021456444664e+01
-2.109402575041504235e+01
-2.164753973041864299e+01
-2.137742505019911476e+01
-2.212470548280489879e+01
-2.083381878453315039e+01
-2.174487300148206970e+01
-2.101706775991984344e+01
-2.163726432819704826e+01
-2.121256338510417194e+01
-2.470068080098733887e+01
-2.280566524605425727e+01
-2.066730864004016155e+01
-2.164629217302261566e+01
-2.099199155906270420e+01
-2.168131466083481129e+01
-2.187469499220424396e+01
-2.215265714544384679e+01
-2.151760346998094064e+01
-2.158727796513981900e+01
-2.134963570840550773e+01
-2.169567082249226075e+01
-2.137423676940668571e+01
-2.112881144171135617e+01
-2.103096153793439527e+01
-2.151338188435131116e+01
-2.139158186637006409e+01
-2.128895679680502795e+01
-2.124525660752594192e+01
-2.445796425164103027e+01
-2.406778664933652934e+01
-2.032687964862056518e+01
-2.063890637878988343e+01
-2.046283224755252306e+01
-2.209340554649946142e+01
-2.099892964880431023e+01
-2.198480027966864370e+01
-2.103687546517741325e+01
-2.145726367234804854e+01
-2.188184866576916221e+01
-2.332987496667820437e+01
-2.051280951885195591e+01
-2.082333093146966263e+01
-2.117857568528013701e+01
-2.217915168387488123e+01
-2.062612311201213799e+01
-2.098697509816168960e+01
-2.125065134240254849e+01
-2.268792293817790906e+01
-2.052886507600156918e+01
-2.031944857155303197e+01
-2.107697175060784289e+01
-2.152174127416439831e+01
-2.159409264040313303e+01
-2.156515940212322135e+01
-2.140051456472348690e+01
-2.208042319713942092e+01
-2.085058021077783508e+01
-2.083790629087588542e+01
-2.164487239848266142e+01
-2.171395112435273589e+01
-2.200247317593533225e+01
-2.039075654604055288e+01
-2.120519683595220073e+01
-2.111882166618698875e+01
-2.222304997745178667e+01
-2.125401837142234029e+01
-2.144834429403301002e+01
-2.077145011279962361e+01
-2.099084779973786752e+01
-2.152803740179352587e+01
-2.019346721520570043e+01
-2.130826453250184116e+01
-2.069646769143964704e+01
-2.181221310544794534e+01
-2.109909545480491389e+01
-2.167634825030421197e+01
-2.215257112503843118e+01
-2.228542384870148396e+01
-2.045548777084752956e+01
-2.099707453054214312e+01
-2.073241803886069690e+01
-2.098312599049721072e+01
-2.155820127459902835e+01
-2.214226307526695336e+01
-2.195214648747580810e+01
-2.029989160801071435e+01
-2.150109777996684812e+01
-2.131003891543580053e+01
-2.111182117878756515e+01
-2.119025928701033479e+01
-2.135287297243847959e+01
-2.310509501161838841e+01
-2.085487264591557022e+01
-2.147329804456464686e+01
-2.056184557931182511e+01
-2.128670364587893005e+01
-2.019843777435961130e+01
-2.076731325699701358e+01
-2.157525952686573589e+01
-2.066643215742819706e+01
-2.185881823760589882e+01
-2.182091552703059278e+01
-2.052711988561408774e+01
-2.083055858036971841e+01
-2.165380114706389136e+01
-2.138217561321775761e+01
-2.111021031960593319e+01
-2.168273176478052378e+01
-2.074329029928873780e+01
-2.168768637220204454e+01
-2.277014809844931165e+01
-2.175380811488838972e+01
-2.028563284008751921e+01
-2.136414779897664573e+01
-2.101875079641308730e+01
-2.110990259968353300e+01
-2.106611237631708278e+01
-2.080597716677532460e+01
-2.133511385237812874e+01
-2.082762005703181885e+01
-2.321813997269102003e+01
-2.275665209042860937e+01
-2.052178271885585303e+01
-2.057251135988395419e+01
-2.127572792962639525e+01
-2.077784249935228544e+01
-2.193905994958948114e+01
-2.062901393383885562e+01
-2.104169246536620719e+01
-2.087749894802455941e+01
-2.045617173298974123e+01
-2.154641142230121531e+01
-2.110359590724719681e+01
-2.089731460308345490e+01
-2.222921896725621593e+01
-2.104231010593503370e+01
-2.024730842158152910e+01
-2.081426256225472216e+01
-2.056797856186887330e+01
-2.189734804550618819e+01
-2.265262697212311238e+01
-2.046324500940339419e+01
-2.057167114054401935e+01
-2.044639196473415410e+01
-2.089539868089536867e+01
-2.208102687268741349e+01
-2.093263520709325221e+01
-2.168750294247800880e+01
-2.001668713454084170e+01
-2.185693671972265051e+01
-2.016089291792690830e+01
-2.029147747204203256e+01
-2.033589285233866661e+01
-2.048225561830272667e+01
-2.152214060649696492e+01
-2.103520039195433355e+01
-2.129323681148056835e+01
-2.169691513777378589e+01
-2.332979437807949097e+01
-2.035956501479104119e+01
-2.051784114264356162e+01
-2.006922004833174000e+01
-2.207689819321146985e+01
-1.993449834637159768e+01
-2.094398581795388026e+01
-2.016789680063932977e+01
-2.157419213490643983e+01
-2.040640071989049176e+01
-2.236979603118840387e+01
-1.987027451980225479e+01
-2.040837462862870311e+01
-2.021126476809005368e+01
-2.077401469777871057e+01
-2.256520880022572584e+01
-2.027217169390307561e+01
-2.140490456738733371e+01
-2.144905844393877459e+01
-2.062219989235766704e+01
-2.134051381152840321e+01
-2.038124556426542355e+01
-2.117681222505336791e+01
-2.109859907473205354e+01
-2.019776682694319803e+01
-2.084841134757193259e+01
-2.076554988168124538e+01
-2.121741958148597362e+01
-2.262293776502254872e+01
-2.047442150581431974e+01
-2.040517179484324117e+01
-2.073891934868643716e+01
-2.139194240849943185e+01
-2.072514132747658522e+01
-2.235550123906208242e+01
-2.046565906233796994e+01
-2.083309146923030042e+01
-2.053805347728382102e+01
-2.251745304419092264e+01
-2.111054325750595595e+01
-2.120476010500730979e+01
-2.074706639512479356e+01
-2.016579166458719286e+01
-1.988482702110173506e+01
-2.025445753250055603e+01
-2.136420569946313108e+01
-2.078946533612552017e+01
-2.163248493831883579e+01
-2.281730784568799564e+01
-1.969553435191075508e+01
-2.079665590998695990e+01
-1.979561919594972963e+01
-2.088667666585872595e+01
-2.026114233872849013e+01
-2.172760605258981670e+01
-1.951531848976042127e+01
-2.146920668368708007e+01
-2.061423001037572789e+01
-2.147297878282774164e+01
-2.218959543410139545e+01
-2.015481015177617863e+01
-2.004186120037218544e+01
-2.103836319971863489e+01
-2.038678102404520587e+01
-2.072184149275346243e+01
-2.019011714785470701e+01
-2.032853705844662073e+01
-2.062966753583933865e+01
-2.120382613234653491e+01
-2.022633227068904560e+01
-2.229679340621055417e+01
-2.017300590224041557e+01
-2.086946245000126510e+01
-2.074733205628267996e+01
-2.199323223527777316e+01
-2.187281359793438185e+01
-2.032652877866532393e+01
-1.967059020014986714e+01
-2.044240950574616278e+01
-1.979113202604431621e+01
-1.998676181792854223e+01
-2.012798287100240557e+01
-2.096914670059468477e+01
-1.972333486301462102e+01
-2.012734978986844681e+01
-2.111814599587540897e+01
-1.999428993433397039e+01
-2.033778610475010140e+01
-2.026772704099849420e+01
-2.053696407013996605e+01
-2.084429341570341165e+01
-2.025668777676150967e+01
-2.263353527279953781e+01
-2.328352289203906622e+01
-1.936714966376626990e+01
-2.014893746868257196e+01
-2.003509931365699615e+01
-2.057750828416423516e+01
-2.007436036693235692e+01
-2.137142578287634720e+01
-1.995309430405258766e+01
-2.006205925653945243e+01
-2.025787275347931171e+01
-2.009021842654028234e+01
-2.056456441256001710e+01
-2.045871383745138061e+01
-2.074391709258846817e+01
-1.985140524241879234e+01
-2.225000630434241344e+01
-2.147103694585936751e+01
-1.996927569852557127e+01
-2.008380028934409722e+01
-2.017899451281107659e+01
-2.121488651312795781e+01
-1.968888993371838225e+01
-2.043862021196255441e+01
-2.049355785331027846e+01
-2.053769320366838613e+01
-2.214274368134294946e+01
-2.022948843055469936e+01
-2.059720154721232532e+01
-2.043218253397901307e+01
-2.045029068604364042e+01
-2.019938353490199745e+01
-2.129559855589413431e+01
-2.205069282209951709e+01
-1.959767806952675784e+01
-1.985843057992927640e+01
-2.092559622569130084e+01
-2.082977040143939718e+01
-2.036746933429309436e+01
-1.921749461548006011e+01
-1.968175163781642922e+01
-2.207001169421747022e+01
-2.075365136095927099e+01
-1.999604201286265592e+01
-2.023630091216835325e+01
-1.977618009264220333e+01
-2.030003940726296463e+01
-1.997454687334598944e+01
-2.099535004546372363e+01
-1.972332772660459810e+01
-1.976255554886223109e+01
-2.019695532282990413e+01
-2.087038795503663380e+01
-2.050168148582609717e+01
-2.067815147702702205e+01
-2.018125332758994617e+01
-2.127238077279477224e+01
-2.152698059848698620e+01
-1.985483653869121312e+01
-1.968881866225333255e+01
-1.955665524240590258e+01
-2.076910804055855664e+01
-1.990017915658182446e+01
-1.993936079342057610e+01
-1.963214415659896517e+01
-1.978191937846328585e+01
-2.084540042231145662e+01
-2.083345518942792296e+01
-2.149477192553641203e+01
-1.962533794086847649e+01
-2.014336220826752921e+01
-2.031794144751498976e+01
-2.059524319574483187e+01
-2.028249728707946176e+01
-2.077168103386037501e+01
-1.973970691951830858e+01
-1.974791159249416239e+01
-1.987248735809513178e+01
-2.013556890939305077e+01
-2.046039235965318781e+01
-1.984317954968725317e+01
-2.105477256874081959e+01
-1.960128949654721353e+01
-2.002797884987871413e+01
-2.239011307379664473e+01
-1.989344240815615450e+01
-1.941262613415961624e+01
-2.033692570139931277e+01
-1.943317446622856082e+01
-2.059307947897602986e+01
-2.200289238430579886e+01
-1.986978244746959987e+01
-1.973578254836953505e+01
-1.993247295956360077e+01
-1.947451974918709894e+01
-2.060200808985021226e+01
-1.979840774991555463e+01
-1.983552702252831423e+01
-2.017771435347318132e+01
-2.158588430725929541e+01
-2.016195579003113991e+01
-1.956788415579520901e+01
-1.953847984219404310e+01
-1.951714712445421185e+01
-2.114717547037802348e+01
-1.969441659206717787e+01
-2.043670005928835565e+01
-1.935395493582074877e+01
-2.110067387277493367e+01
-1.979957136843887611e+01
-2.098193350705641791e+01
-2.154655034564595439e+01
-1.926963923849315563e+01
-1.956302495990624379e+01
-1.936340694623859449e+01
-2.017361092149362634e+01
-2.024800794517646452e+01
-2.001918542190341554e+01
-2.125289902246810669e+01
-2.037420617017227897e+01
-1.969166363799704911e+01
-2.015326289067969512e+01
-1.951298566345627705e+01
-2.094365757284128193e+01
-2.040468320825907966e+01
-1.999429934846640933e+01
-1.974258117467495666e+01
-1.922193980528335189e+01
-2.022553423962373031e+01
-1.953299819098846513e+01
-2.073290988429409865e+01
-2.122876553442207737e+01
-1.973218398567754051e+01
-2.122062546667583760e+01
-1.921802015821249654e+01
-1.958344739674710411e+01
-1.963691003243581434e+01
-2.085907646147227723e+01
-1.952969071458529271e+01
-2.037084004133133419e+01
-2.001692081661360945e+01
-2.032272200500951698e+01
-1.982227680637459599e+01
-2.012660927528024501e+01
-1.992640206893021571e+01
-1.969719445125091184e+01
-1.980391690718002806e+01
-2.083060678991209613e+01
-2.034560229278447352e+01
-2.206305605575408535e+01
-1.929914047345252115e+01
-2.025442801216616573e+01
-1.978922566274899708e+01
-2.009277482006713811e+01
-2.101162534550023864e+01
-1.965151396894597013e+01
-1.997258881285758036e+01
-1.940373235739770053e+01
-2.000595839930703690e+01
-1.986335366406125402e+01
-2.188786894678842998e+01
-2.157224769695991284e+01
-1.962869430928076753e+01
-1.973547145109758105e+01
-1.943357777667073094e+01
-1.944875025855337114e+01
-1.966132363145232631e+01
-2.159680574903483929e+01
-1.933902958594491039e+01
-2.061168796301329564e+01
-1.912263696532683710e+01
-2.037166982737934262e+01
-2.061645751053561071e+01
-1.949236992762004306e+01
-1.977353995645816909e+01
-1.925480814571436738e+01
-2.044398951858386582e+01
-1.973441349795166744e+01
-1.929417399610507999e+01
-2.033467934040944769e+01
-2.027024077841896599e+01
-1.976497178442793157e+01
-1.995119649554964880e+01
-1.929404543978145981e+01
-1.945260280090317195e+01
-1.969866789232463589e+01
-2.047228181812778303e+01
-1.941194619706013924e+01
-1.979861038539194951e+01
-1.933361015146698492e+01
-2.097272081571013302e+01
-2.001374324931558135e+01
-1.923114264811433927e+01
-1.998299167145844990e+01
-2.070159600150325119e+01
-1.936531246766608305e+01
-1.960985123441034972e+01
-1.953472527424645833e+01
-1.968932655268899268e+01
-1.972499688047859223e+01
-2.010353546931732538e+01
-2.037969842109305674e+01
-2.105024419947912762e+01
-2.146290626634596421e+01
-1.886641649943403465e+01
-1.931847124995199039e+01
-1.940493458747891609e+01
-1.957062899096350961e+01
-1.943986231092813810e+01
-2.009213099715561057e+01
-2.089514522608171632e+01
-1.906581466895283938e+01
-2.000535079302805030e+01
-1.956593272497617519e+01
-2.077841926315499066e+01
-1.999474340785710424e+01
-1.922885940076475819e+01
-2.049228696232359326e+01
-1.926899308060074034e+01
-2.001637040559859670e+01
-2.015615812721995326e+01
-2.102485057418291348e+01
-1.897750092485088302e+01
-1.985849441420419481e+01
-1.884276859966020012e+01
-1.913211578106486144e+01
-1.946435513415397622e+01
-1.969533721250354219e+01
-1.978673287909744261e+01
-1.960722190309666146e+01
-1.928608710982505414e+01
-1.975204379705150970e+01
-1.918502334074329951e+01
-2.051154208038499149e+01
-1.929668720546752780e+01
-1.972343281126230963e+01
-1.974869912149661744e+01
-2.047574395433502659e+01
-1.891342690316853137e+01
-2.102365500276271248e+01
-1.878091431281077561e+01
-1.936987818886881385e+01
-1.903769671802288244e+01
-2.005845827480828447e+01
-2.041914381472500750e+01
-1.952224773515290579e+01
-2.013109657317792411e+01
-1.921904113706883876e+01
-1.979349702319908388e+01
-1.953271048677634525e+01
-1.939702389513788816e+01
-1.931974897566395200e+01
-2.030780150909766135e+01
-2.023354311892029145e+01
-2.004728332470661201e+01
-1.998449313861047472e+01
-2.209200122897300034e+01
-1.947538224084375358e+01
-1.931948146624542773e+01
-1.904173137764705004e+01
-2.025893957686483660e+01
-1.937359627426273789e+01
-1.892853200365507860e+01
-2.018703444484258114e+01
-1.960760597683141881e+01
-1.921523576888789009e+01
-1.892434337277923717e+01
-1.998694278741682240e+01
-1.920410767351408055e+01
-1.955865842430121049e+01
-2.034333196430137392e+01
-1.954643106739155201e+01
-2.028232250937946191e+01
-2.008581304986541127e+01
-1.973748826896873254e+01
-1.916309315718985928e+01
-1.879334342561110560e+01
-2.003268673851961523e+01
-1.917731146361725436e+01
-1.936145507256269482e+01
-1.896922879536910145e+01
-2.110311307926009050e+01
-2.132458703547455769e+01
-1.863594982262659272e+01
-1.884919577684512859e+01
-1.994261127084389429e+01
-1.909587483208500913e+01
-1.848769087144743040e+01
-1.939695020377525481e+01
-1.972103767788934547e+01
-2.038977642552797676e+01
-1.940790392026804412e+01
-1.930224445947352763e+01
-1.878612789110238523e+01
-1.923899562598998259e+01
-1.921783460997569648e+01
-1.877972862295520073e+01
-1.913730803482688714e+01
-2.149044870107798744e+01
-1.971138558159812959e+01
-1.861942268913799481e+01
-1.886674015579898622e+01
-1.958510552746609434e+01
-1.894876462771871317e+01
-2.066820471156215788e+01
-2.022884339232725281e+01
-1.881555829247361444e+01
-1.948296505254117150e+01
-1.921025094732790706e+01
-2.122587933721613496e+01
-1.989327625774665265e+01
-1.976468644072366132e+01
-1.905711816954434212e+01
-2.021393919614218504e+01
-1.928254855132999879e+01
-1.945711599092891575e+01
-2.004741417899026956e+01
-1.913580523828227342e+01
-1.894914450208908008e+01
-1.959420191271203393e+01
-1.853614542153916744e+01
-1.919183457029020801e+01
-1.980743307150547494e+01
-2.008634509274867952e+01
-1.901532224186704667e+01
-1.889906972327232992e+01
-2.055025305756216980e+01
-1.968491597609322241e+01
-1.857249212218807699e+01
-1.887807500192680976e+01
-1.914364799529001715e+01
-1.934187930678290357e+01
-1.898462862505095572e+01
-2.064031730331718251e+01
-1.955487560256245416e+01
-1.914744506728638029e+01
-1.961785977840763451e+01
-1.899307083873626922e+01
-2.023127201928584284e+01
-1.919457893101651180e+01
-1.972659652699208266e+01
-1.984535126174695918e+01
-1.940230039344548985e+01
-2.220150513534557746e+01
-1.939871127314732746e+01
-1.830491554173413604e+01
-1.938936673787823750e+01
-1.899233965311125161e+01
-1.934869211877238371e+01
-1.940444750487053227e+01
-1.918364446068211038e+01
-1.880520666946876318e+01
-1.975328708855901283e+01
-1.926326286761350559e+01
-1.990749574738237726e+01
-1.911578252678819467e+01
-1.952038257988154513e+01
-1.923935656767602964e+01
-2.110511455559730365e+01
-1.864957381072439446e+01
-1.935536972936714051e+01
-1.830923174578613910e+01
-2.085587902878365085e+01
-1.880551816888739580e+01
-1.968201380556388713e+01
-1.994576431697712948e+01
-2.001579903812410777e+01
-1.890879749450511227e+01
-1.909118208803600325e+01
-1.946498195904166550e+01
-1.939393461243752270e+01
-1.884841723000238645e+01
-1.885088165893667522e+01
-1.902751554032917625e+01
-1.945092495740547633e+01
-1.896418868808866165e+01
-1.965099666249069443e+01
-1.989439627218153106e+01
-1.881575218852981024e+01
-1.925755144120403628e+01
-1.923321413917361511e+01
-2.102757315973553176e+01
-1.977135498567641392e+01
-1.827860306536780399e+01
-1.899375515585709095e+01
-1.892734326432531944e+01
-1.937437863668693439e+01
-1.960145361595870384e+01
-1.902550419273950411e+01
-1.908278379525799195e+01
-1.998989307744217570e+01
-1.983868680397429785e+01
-1.988545893009856869e+01
-1.859318267844693651e+01
-1.895624797829388442e+01
-1.897473519728729485e+01
-2.010733667832311511e+01
-1.897281498605278571e+01
-1.937786531637429022e+01
-2.058596556263201904e+01
-1.904816216806587548e+01
-1.880320610237638945e+01
-2.015598419942891084e+01
-1.929452169864527988e+01
-1.883460327909548582e+01
-1.928199273514938383e+01
-2.040377206911085040e+01
-1.908629558872395648e+01
-2.007463331859023370e+01
-1.886760806342192609e+01
-1.982315157951621742e+01
-1.951173698167751525e+01
-2.043476842130055360e+01
-1.894118358482502629e+01
-1.946537639912282103e+01
-1.863973505904655426e+01
-1.925528715669570801e+01
-2.126425983675247622e+01
-1.915945395331101153e+01
-1.858642405178191481e+01
-1.834409584538431659e+01
-1.900735816135102496e+01
-1.885681931254684685e+01
-1.900926140839303002e+01
-2.038922989199238600e+01
-1.942298962268026941e+01
-1.860067567781728570e+01
-1.975950619432775213e+01
-1.872814741134097005e+01
-1.981457911851266829e+01
-1.894059604430802324e+01
-2.168204946325760574e+01
-1.939731387628143011e+01
-1.879768854154777102e+01
-1.937902888704335780e+01
-1.898801423568398761e+01
-2.028206154535392614e+01
-1.917686037785976794e+01
-1.950032211432963436e+01
-1.838000105651493143e+01
-1.870047147535121823e+01
-1.864224987258766930e+01
-1.987602125542169773e+01
-1.937222915719842575e+01
-1.892903473723656660e+01
-1.925427077969538558e+01
-1.972330400404072748e+01
-1.980104380111624707e+01
-1.978242219090072140e+01
-1.972081013799429172e+01
-1.900772376212833237e+01
-1.929183539012757720e+01
-1.915608033367714214e+01
-1.933619887612405464e+01
-1.899532016888768737e+01
-1.945434988219986749e+01
-1.877252775670456231e+01
-2.037344618163373511e+01
-1.880695701331029213e+01
-1.874209618646521491e+01
-2.186525113762178663e+01
-1.877867235558106174e+01
-1.875121516302213820e+01
-1.874429251203775237e+01
-2.022031492056021307e+01
-1.883104290867473907e+01
-1.970675171772569811e+01
-1.893840160451460974e+01
-2.016164631377535699e+01
-1.966260351949451746e+01
-1.892155057385977557e+01
-1.890361818763773272e+01
-1.929937410316077262e+01
-1.930140493919306621e+01
-2.013913738655518415e+01
-1.923607973339792210e+01
-1.885484179651465553e+01
-1.845375220733089705e+01
-1.984940058354136028e+01
-1.899798021770898515e+01
-1.927795999038805519e+01
-1.961698125850113783e+01
-1.969111009826201908e+01
-1.890506473732198600e+01
-2.034885734141930058e+01
-1.881347278090900943e+01
-1.888682934140610925e+01
-1.933075557384248100e+01
-1.900362228694507749e+01
-1.914144494711491973e+01
-1.909615867062295180e+01
-2.157190634977035515e+01
-1.846711030429873546e+01
-1.856195843974406401e+01
-1.942277088432024712e+01
-1.868480706011772696e+01
-1.945248317553595641e+01
-1.932747726772885954e+01
-2.066363949000445288e+01
-1.839862235680774205e+01
-1.903603340246949926e+01
-1.831147461060142234e+01
-1.978214002308211761e+01
-1.899791076068607865e+01
-2.068804515963556767e+01
-1.911109890078570217e+01
-1.866755398020306700e+01
-1.880432315492184614e+01
-1.948626269934387167e+01
-1.884470222150214269e+01
-1.900162345583576240e+01
-1.908330591341855964e+01
-1.883174049737054290e+01
-1.997654504817763055e+01
-1.853149045041804044e+01
-1.876938190902468051e+01
-1.913949511197611741e+01
-1.958401673612947036e+01
-1.988845306531857560e+01
-1.863698134537979811e+01
-1.856651218475504450e+01
-1.995091648502710413e+01
-1.879666868382767220e+01
-1.832757704444989599e+01
-1.823138418516905901e+01
-1.903845003910966938e+01
-1.988161298859983006e+01
-1.926362840868551274e+01
-1.872072356852324404e+01
-1.893847043609076763e+01
-1.947814955245746660e+01
-1.878191022887625650e+01
-1.900787182591425761e+01
-2.008296953490743419e+01
-1.842276673563049272e+01
-1.823179822471685085e+01
-1.962057352403518706e+01
-1.969338340846234559e+01
-1.904556351418156268e+01
-1.865301408098524405e+01
-1.932794212891790053e+01
-1.920348526025615143e+01
-1.933223540690412179e+01
-1.908608648628360172e+01
-1.905783887025671675e+01
-2.149685467213291545e+01
-1.874881391981536893e+01
-1.909254353559942174e+01
-1.807625721610326153e+01
-1.888369366742006150e+01
-1.901884071853824665e+01
-1.955568435540406469e+01
-1.919675331063105261e+01
-1.882361193561087731e+01
-1.974405921038678358e+01
-1.851065565490490172e+01
-1.870100451163176913e+01
-1.856905511106458917e+01
-1.960659201765086124e+01
-1.816412434823298128e+01
-1.971504520553421713e+01
-1.855936031985591583e+01
-2.015608906339040374e+01
-1.894266031244299953e+01
-1.897144455884640735e+01
-1.888239032061959577e+01
-1.908442297707489033e+01
-1.934626611935533447e+01
-1.877559437425450994e+01
-2.010487973042091170e+01
-1.865921881360663903e+01
-2.050926757211678364e+01
-1.886660666452979740e+01
-1.839736738450228870e+01
-1.989014266075294302e+01
-1.881984936278285403e+01
-1.861569503294606420e+01
-1.830166736767800373e+01
-2.027074762097507232e+01
-1.980839194913567880e+01
-1.832069386368845443e+01
-1.881656478650009134e+01
-1.826112209851007506e+01
-1.877676863626385284e+01
-1.870960996826552147e+01
-1.963573719958265329e+01
-1.843441846141659468e+01
-1.984800839765570402e+01
-1.846701565988657379e+01
-1.982365544735843699e+01
-1.866622811411399141e+01
-1.937452874445657258e+01
-1.904364051215163300e+01
-1.839813961205624082e+01
-2.123232942064229434e+01
-2.070594806112235275e+01
-1.822987237632374047e+01
-1.924088493122774324e+01
-1.832020922441284938e+01
-1.910867661245029225e+01
-1.866146464360781820e+01
-1.899591987416690131e+01
-1.914119095418986660e+01
-1.890285076131373643e+01
-1.937314018257899306e+01
-1.913007934476480187e+01
-1.937893480532884993e+01
-1.953322967201433613e+01
-1.885193415423377772e+01
-1.859016960741500313e+01
-1.972220500239122032e+01
-1.841798796369965885e+01
-1.965768123938339329e+01
-1.860002913335231511e+01
-1.888094758742508006e+01
-1.997527681664491084e+01
-1.856524356815910437e+01
-1.940519249021492598e+01
-1.952351944690612129e+01
-1.877051007568694629e+01
-1.950562554054723208e+01
-1.860087063481319802e+01
-1.922014166224122889e+01
-2.037525584191607564e+01
-1.854642303128202485e+01
-1.848882698038958239e+01
-1.899058962979588472e+01
-1.910198292688437149e+01
-1.885340913945136876e+01
-1.888512668407555140e+01
-2.045975029766430353e+01
-1.821704586078505628e+01
-1.929227855993488561e+01
-1.832032227898568166e+01
-1.923252792530284694e+01
-1.919523728563414977e+01
-1.891163907841654535e+01
-1.888830317095531441e+01
-1.863969762903791505e+01
-1.887776786709786236e+01
-1.853565467684161305e+01
-1.904484836924023128e+01
-2.059091429358025493e+01
-1.898324905949130681e+01
-1.796138356643099243e+01
-1.920051444197005353e+01
-1.867118488215301753e+01
-1.911234521045151524e+01
-1.840765512197627274e+01
-1.921653673442856913e+01
-1.858837627855730901e+01
-1.963624343816107753e+01
-1.935761988837315428e+01
-1.839099651119547474e+01
-1.895826979791056743e+01
-1.860251547122718208e+01
-1.961803455211999392e+01
-1.957054935194224043e+01
-1.873083655708309792e+01
-1.822665245930353706e+01
-1.933393111869451886e+01
-1.830142902237493630e+01
-1.912524803359568182e+01
-1.840820468007929378e+01
-1.908510333954225402e+01
-1.923811129470960068e+01
-1.868165681113711685e+01
-2.005740373078756633e+01
-1.945132318904915181e+01
-1.909408068879660547e+01
-1.833409435595365622e+01
-1.853593878519365035e+01
-1.934675742718638958e+01
-1.908565899872801808e+01
-1.970422896706889659e+01
-1.867031689634475100e+01
-1.810049672412533539e+01
-1.826815495857185212e+01
-1.923832861815876072e+01
-1.867018103437937171e+01
-1.826532100591600738e+01
-1.926722554130344633e+01
-1.919328107285600282e+01
-1.838874275964211336e+01
-1.947553327879749219e+01
-1.852251769220008981e+01
-1.866049464196978391e+01
-2.045078272565253741e+01
-1.824754854736185550e+01
-1.824276912320663513e+01
-1.967689265338906068e+01
-1.787949370507616464e+01
-1.920332120865568371e+01
-1.874797320263290601e+01
-1.904596321544797277e+01
-1.828144418838028429e+01
-1.918473041453119876e+01
-2.012142394761462683e+01
-1.820043389696479252e+01
-1.872602354734829788e+01
-1.879076135732719521e+01
-1.980340413408836042e+01
-1.828405598272322408e+01
-1.866122053990991958e+01
-1.913205482305187743e+01
-1.903975518715705917e+01
-1.978330254902100904e+01
-1.874511727949611384e+01
-1.847335773847473916e+01
-1.829425606388290149e+01
-1.896457772050350243e+01
-1.837620640362254321e+01
-1.823226762365930753e+01
-2.008284550771682575e+01
-1.855724944054964709e+01
-1.909351976500294867e+01
-1.825872286989529414e+01
-2.021646616676947161e+01
-1.852938327150184961e+01
-1.927294817586049902e+01
-2.015026885452417460e+01
-1.793673119033295293e+01
-1.829654194791904942e+01
-1.932019294179378122e+01
-1.961235574018479610e+01
-1.850341657834265519e+01
-1.930208193325053045e+01
-1.906652301510097303e+01
-1.914639018383566338e+01
-1.877035772048690276e+01
-1.849038728325414738e+01
-1.936730210725896129e+01
-1.835248638892744211e+01
-1.848712274947715173e+01
-1.941464043776949211e+01
-1.829293284122061536e+01
-1.898755454767628592e+01
-1.863462781019870818e+01
-1.898426550427307546e+01
-1.885009373321064174e+01
-1.869034054895294972e+01
-1.866812330085651084e+01
-1.877504027843581014e+01
-1.861486836180838367e+01
-1.913340955529974252e+01
-1.861615218957268070e+01
-1.868804749763202366e+01
-2.017544586611150237e+01
-1.913953484119257453e+01
-1.870171793585472386e+01
-1.927448267503184809e+01
-1.886446265407266409e+01
-1.889830115314605763e+01
-1.991107873175801757e+01
-1.831706680487936012e+01
-1.833709883314251954e+01
-1.888014710880883840e+01
-1.932987899691126543e+01
-1.929976224875102275e+01
-1.832223517904867194e+01
-1.940921823319732908e+01
-1.851018876777033739e+01
-1.921927185375151481e+01
-1.835392531892232171e+01
-1.923925619814902532e+01
-1.895491117082912425e+01
-1.969353562778844591e+01
-1.880763400143287356e+01
-1.999606320286240901e+01
-1.867091430227594984e+01
-1.860501386289589476e+01
-1.787074678214051460e+01
-1.888911838853033487e+01
-1.875000075353228013e+01
-2.045971863660707513e+01
-1.834013442986656273e+01
-1.877212785203983358e+01
-1.863489614206694966e+01
-1.955602256103112779e+01
-1.939187626835376577e+01
-1.880106821108730131e+01
-1.816301496666667248e+01
-1.976896611003733994e+01
-1.805592419348075950e+01
-1.868486162967155195e+01
-1.925110467969198069e+01
-1.908660951378812953e+01
-1.922819975008928850e+01
-1.990948086265622763e+01
-1.818926580475015697e+01
-1.846436202229516965e+01
-1.830340208448325967e+01
-1.877872591961077120e+01
-1.925892886460210107e+01
-1.911045441259512856e+01
-1.845053154310822663e+01
-1.909487383683019601e+01
-1.827731988532851304e+01
-1.875044445086624734e+01
-1.829566123228305230e+01
-1.866623932875484115e+01
-1.921575005252413604e+01
-1.825407135659999724e+01
-1.838719507102109318e+01
-1.947230678774560175e+01
-1.847912270623628928e+01
-1.973011989213022233e+01
-1.937568754496937729e+01
-1.801219776425841701e+01
-1.875665803280450916e+01
-1.901595207106320728e+01
-1.931672774134021964e+01
-1.838378480330461073e+01
-1.857402428000015959e+01
-1.879389268531835100e+01
-1.874869060800342524e+01
-1.872753887034201625e+01
-1.847674114687838909e+01
-1.913183638935544550e+01
-1.996026548892691466e+01
-1.847636288077829647e+01
-1.814399185234398004e+01
-1.846568541614112036e+01
-1.926149405217072186e+01
-1.866487586059118442e+01
-1.820176777397988843e+01
-2.053898108557030611e+01
-1.862128965052834317e+01
-1.905444364768691656e+01
-1.851922533404033544e+01
-1.903515211378616812e+01
-1.890339085389692286e+01
-1.930265864126251074e+01
-1.805976251243066244e+01
-1.865977796950629042e+01
-1.928329852296858249e+01
-1.849187191349388115e+01
-2.071733953091916547e+01
-1.862325649623204171e+01
-1.823167014095005811e+01
-2.052727698352645902e+01
-1.795745928854276841e+01
-1.935155289237403053e+01
-1.843742764133690315e+01
-1.830362189476307222e+01
-1.942105750534348729e+01
-1.814163798527478377e+01
-1.907944680388852632e+01
-1.883764952271634385e+01
-1.828078371038614591e+01
-1.934832066346389112e+01
-1.859128773272741242e+01
-1.866605989277474720e+01
-1.825145072438435179e+01
-1.904663098356454753e+01
-1.802571683414913650e+01
-1.866438354452818160e+01
-1.850247329892592418e+01
-1.968872047842221917e+01
-2.181030363228356705e+01
-1.797796884521365612e+01
-1.810648497636552179e+01
-1.848044711113850269e+01
-1.819109933305886528e+01
-1.931312109996608228e+01
-1.830159101002707089e+01
-1.938229759526681306e+01
-1.810888588026399404e+01
-1.885046535801478740e+01
-1.794268103207967258e+01
-1.853546048672085433e+01
-1.855388168991319375e+01
-1.806368229080649712e+01
-1.948775083018822585e+01
-1.828209597131506925e+01
-1.901329635244229976e+01
-1.791516629623463075e+01
-1.898365096278640607e+01
-1.910518473725807098e+01
-1.829183801435300794e+01
-1.976429770402719654e+01
-1.926957821520187153e+01
-1.787560973972954415e+01
-1.837493497288261679e+01
-1.833915343275969079e+01
-2.044030930426920989e+01
-1.866659777375374318e+01
-1.846955678610022034e+01
-1.893548032765425759e+01
-1.908271616009718130e+01
-1.959356590066653325e+01
-1.893869780443693074e+01
-1.835156756265518396e+01
-1.887775205064615847e+01
-1.916780329423002271e+01
-1.874300444671496280e+01
-1.790187028739016029e+01
-1.814560441516364619e+01
-1.966423003937824987e+01
-1.794811719316474097e+01
-1.945372435069678474e+01
-1.823678868454442181e+01
-1.935716250524129123e+01
-1.848346987385505713e+01
-1.856105750348342909e+01
-1.835882525790475839e+01
-1.914622714459424913e+01
-1.819222737558341052e+01
-1.853515483159792865e+01
-1.810667385844732991e+01
-1.858321091410184778e+01
-1.886965759413364552e+01
-1.867358595975108670e+01
-2.121160668159862439e+01
-1.906646683745933046e+01
-1.805749298314264806e+01
-1.881915836845535495e+01
-1.815820293989078849e+01
-1.900964741394155411e+01
-1.881390262178431882e+01
-1.860680577386018086e+01
-1.952246880419266972e+01
-1.954919782196628475e+01
-1.783039699832371383e+01
-1.790296145065403621e+01
-1.801861618165953516e+01
-1.892084666148185335e+01
-1.829723952448625113e+01
-1.807355209369922733e+01
-2.026276932934945307e+01
-1.853573443719040981e+01
-1.789283924280100990e+01
-1.838422610582152217e+01
-1.875099738076082545e+01
-1.890582892869065645e+01
-1.822643055415027291e+01
-1.855687260948522876e+01
-1.946549345782303320e+01
-1.837678420221036646e+01
-1.918292504524363551e+01
-1.798055107464030300e+01
-1.913832744234943561e+01
-1.820063568095026696e+01
-1.937300829238874655e+01
-1.980126856949984671e+01
-1.846993303526016206e+01
-1.810205990186333125e+01
-1.763989645562216779e+01
-2.026398021296125407e+01
-1.778905598500218233e+01
-1.872495760967901290e+01
-2.030225597681511829e+01
-1.844796051185029739e+01
-1.763811487554700363e+01
-1.806207370955379332e+01
-1.898902342631188489e+01
-1.860178924316651461e+01
-1.895186194022777926e+01
-1.817753864385973372e+01
-1.977899526050229539e+01
-1.776338841084277220e+01
-1.797935108053905040e+01
-1.842672749115049058e+01
-1.866432789454318453e+01
-2.003325375414714316e+01
-1.808687265465739102e+01
-1.865214561023388029e+01
-1.810199581962023530e+01
-1.883296368478830729e+01
-1.797414814311326126e+01
-1.822398901674217342e+01
-1.843006087132607718e+01
-2.080225862435982265e+01
-1.859986858554638900e+01
-1.888055634829827412e+01
-1.832331700995542434e+01
-1.826306373023022900e+01
-1.875735301191497229e+01
-1.838215365833099568e+01
-2.001915583922704300e+01
-1.805327872235638864e+01
-1.831731152743828517e+01
-1.836053626566769026e+01
-1.905066627573334870e+01
-1.817871988545834228e+01
-1.880242546402016046e+01
-1.900877163125488423e+01
-1.864302687168940409e+01
-1.825736086218850573e+01
-1.824839985995350489e+01
-1.895046249842188146e+01
-1.831009391811248221e+01
-1.822881880090270101e+01
-1.869434918812212487e+01
-1.938289013482450684e+01
-1.836298940757967202e+01
-1.870281639700393583e+01
-1.818391810756790861e+01
-1.820801668326393852e+01
-1.797849655590927753e+01
-1.920898330253105968e+01
-1.828622893293350060e+01
-1.995505255880996387e+01
-2.083320236299414319e+01
-1.786725451727872738e+01
-1.884435271036467796e+01
-1.870912147953893978e+01
-1.831948094966110574e+01
-1.867864325108112666e+01
-1.830300654940456795e+01
-1.864204967441106930e+01
-1.783725499707556494e+01
-1.881191241334765252e+01
-1.924662743595773406e+01
-1.852024977740249412e+01
-1.780295082334097856e+01
-1.879339714466211930e+01
-1.810381185940880400e+01
-1.868307465046454752e+01
-1.856124789592513480e+01
-1.937374446755483604e+01
-1.933260882481023302e+01
-1.836276938385760715e+01
-1.895186167441260139e+01
-1.812979066128384531e+01
-1.983099685100876641e+01
-1.892847681379183200e+01
-1.809038784424387103e+01
-1.786101031060826827e+01
-1.886416455914629253e+01
-1.795389890816361245e+01
-1.940097823451906933e+01
-1.799170714452404596e+01
-1.858793530041865694e+01
-1.782785841346620614e+01
-1.882599293384696892e+01
-1.828032412714080479e+01
-1.983289450972507240e+01
-1.810177494815521015e+01
-1.826929184215758539e+01
-1.807864774737282687e+01
-1.903089148568456324e+01
-1.792836520617389695e+01
-1.769242976646879839e+01
-1.835331444778682197e+01
-1.833425332306985922e+01
-1.833076375119826906e+01
-1.858599768417290932e+01
-1.951656949249323958e+01
-1.873902415566222501e+01
-1.793963577671579657e+01
-1.898960721254188755e+01
-1.806526027756185115e+01
-1.855967361131351723e+01
-2.004393996868709493e+01
-1.855032706629895856e+01
-1.810440055087401490e+01
-1.827891902336978447e+01
-1.968703790741205140e+01
-1.784721994889256891e+01
-1.830617416069087611e+01
-1.869983671875338516e+01
-1.834838444021385939e+01
-1.806837951456977009e+01
-1.848096333095637078e+01
-1.965900362252735079e+01
-2.026540213596640783e+01
